–Œƒ»“≈À»:
O1 = [12, 17, 16, 14, 12, 16, 18, 12, 19, 19, 17]
O2 = [15, 15, 10, 12, 17, 16, 11, 14, 14, 13, 20]
O3 = [14, 19, 18, 20, 11, 14, 17, 18, 20, 16, 14]
O4 = [12, 13, 16, 11, 13, 14, 17, 16, 20, 15, 10]
O5 = [13, 15, 15, 20, 19, 10, 20, 14, 11, 10, 13]
O6 = [11, 19, 14, 20, 17, 12, 20, 15, 12, 12, 13]
O7 = [19, 16, 17, 19, 15, 10, 13, 14, 12, 12, 16]
O8 = [13, 16, 15, 16, 12, 17, 20, 10, 20, 20, 19]
O9 = [10, 15, 13, 11, 13, 14, 13, 14, 12, 17, 10]
O10 = [13, 15, 15, 17, 12, 16, 12, 15, 18, 18, 11]
ÀÛ˜¯‡ˇ ÓÒÓ·¸: 48
ÕŒ¬€≈ œŒ ŒÀ≈Õ»ﬂ ƒŒ —Œ–“»–Œ¬ »: [[11, 15, 15, 17, 12, 16, 12, 15, 12, 12, 13], [13, 19, 14, 20, 17, 12, 20, 15, 18, 18, 11], [13, 19, 14, 20, 17, 12, 20, 15, 18, 18, 11], [11, 15, 15, 17, 12, 16, 12, 15, 12, 12, 13], [13, 19, 14, 20, 17, 12, 20, 15, 18, 18, 11], [13, 19, 14, 20, 17, 12, 20, 15, 18, 18, 11], [13, 16, 10, 12, 17, 17, 20, 10, 20, 20, 19], [15, 15, 15, 16, 12, 16, 11, 14, 14, 13, 20], [13, 16, 10, 12, 17, 17, 20, 10, 20, 20, 19], [13, 16, 10, 12, 17, 17, 20, 10, 20, 20, 19], [12, 17, 16, 14, 12, 16, 18, 16, 20, 19, 17], [12, 13, 16, 11, 13, 14, 17, 12, 19, 15, 10], [12, 13, 16, 11, 13, 14, 17, 12, 19, 15, 10], [12, 13, 16, 11, 13, 14, 17, 12, 19, 15, 10], [11, 19, 14, 20, 15, 10, 13, 14, 12, 12, 13], [19, 16, 17, 19, 17, 12, 20, 15, 12, 12, 16], [10, 15, 13, 11, 13, 10, 20, 14, 12, 17, 10], [13, 15, 15, 20, 19, 14, 13, 14, 11, 10, 13], [10, 15, 13, 11, 13, 10, 20, 14, 12, 17, 10], [13, 15, 15, 20, 19, 14, 13, 14, 11, 10, 13], [12, 17, 16, 14, 12, 16, 18, 12, 19, 19, 17], [15, 15, 10, 12, 17, 16, 11, 14, 14, 13, 20], [14, 19, 18, 20, 11, 14, 17, 18, 20, 16, 14], [12, 13, 16, 11, 13, 14, 17, 16, 20, 15, 10], [13, 15, 15, 20, 19, 10, 20, 14, 11, 10, 13], [11, 19, 14, 20, 17, 12, 20, 15, 12, 12, 13], [19, 16, 17, 19, 15, 10, 13, 14, 12, 12, 16], [13, 16, 15, 16, 12, 17, 20, 10, 20, 20, 19], [10, 15, 13, 11, 13, 14, 13, 14, 12, 17, 10], [13, 15, 15, 17, 12, 16, 12, 15, 18, 18, 11]], ÍÓÎ-‚Ó: 30
ÕŒ¬€≈ œŒ ŒÀ≈Õ»ﬂ π1: [[11, 19, 14, 20, 15, 10, 13, 14, 12, 12, 13], [19, 16, 17, 19, 17, 12, 20, 15, 12, 12, 16], [13, 15, 15, 17, 12, 16, 12, 15, 18, 18, 11], [13, 15, 15, 20, 19, 10, 20, 14, 11, 10, 13], [12, 13, 16, 11, 13, 14, 17, 16, 20, 15, 10], [11, 15, 15, 17, 12, 16, 12, 15, 12, 12, 13], [11, 15, 15, 17, 12, 16, 12, 15, 12, 12, 13], [15, 15, 15, 16, 12, 16, 11, 14, 14, 13, 20], [12, 13, 16, 11, 13, 14, 17, 12, 19, 15, 10], [12, 13, 16, 11, 13, 14, 17, 12, 19, 15, 10], [12, 13, 16, 11, 13, 14, 17, 12, 19, 15, 10], [10, 15, 13, 11, 13, 10, 20, 14, 12, 17, 10], [10, 15, 13, 11, 13, 10, 20, 14, 12, 17, 10], [15, 15, 10, 12, 17, 16, 11, 14, 14, 13, 20], [10, 15, 13, 11, 13, 14, 13, 14, 12, 17, 10]]
ÕŒ¬€≈ œŒ ŒÀ≈Õ»ﬂ ‘≈ÕŒ“»œ€ π1: [[105, 52, 17, 195, 82, 136, 219, 27, 70, 188, 189], [105, 52, 17, 195, 82, 136, 219, 27, 70, 188, 189], [22, 198, 250, 251, 180, 78, 126, 1, 107, 104, 213], [244, 182, 185, 1, 93, 236, 185, 124, 211, 111, 77], [105, 251, 51, 140, 197, 53, 73, 183, 65, 140, 196], [73, 198, 250, 251, 180, 110, 126, 1, 6, 188, 189], [73, 198, 250, 251, 180, 110, 126, 1, 6, 188, 189], [140, 63, 195, 5, 164, 223, 69, 125, 65, 57, 233], [120, 64, 167, 212, 145, 186, 213, 183, 65, 220, 223], [120, 64, 167, 212, 145, 186, 213, 183, 65, 220, 223], [120, 64, 167, 212, 145, 186, 213, 183, 65, 220, 223], [81, 89, 198, 43, 31, 204, 185, 124, 30, 30, 190], [81, 89, 198, 43, 31, 204, 185, 124, 30, 30, 190], [140, 63, 154, 204, 36, 223, 69, 125, 65, 57, 233], [81, 89, 198, 43, 31, 142, 69, 109, 22, 30, 190]]
ÕŒ¬€≈ œŒ ŒÀ≈Õ»ﬂ œ–»—œŒ—Œ¡À≈ÕÕŒ—“‹ π1: [46, 47, 48, 50, 51, 52, 52, 53, 53, 53, 53, 53, 53, 53, 53]
ÕŒ¬€… À”◊ÿ»… œŒ“ŒÃŒ : 46
ÕŒ¬€≈ œŒ ŒÀ≈Õ»ﬂ ƒŒ —Œ–“»–Œ¬ »: [[13, 15, 15, 20, 19, 10, 13, 14, 12, 10, 13], [13, 15, 15, 20, 19, 10, 13, 14, 12, 10, 13], [10, 15, 13, 11, 13, 14, 20, 14, 11, 17, 10], [13, 15, 15, 20, 19, 10, 13, 14, 12, 10, 13], [13, 15, 15, 20, 19, 10, 13, 14, 12, 10, 13], [10, 15, 13, 11, 13, 10, 13, 14, 12, 17, 10], [11, 19, 14, 20, 15, 14, 13, 14, 12, 12, 13], [11, 19, 14, 20, 15, 14, 13, 14, 12, 12, 13], [10, 15, 13, 11, 13, 10, 13, 14, 12, 17, 10], [11, 19, 14, 20, 15, 14, 13, 14, 12, 12, 13], [11, 19, 14, 20, 15, 14, 13, 14, 12, 12, 13], [13, 15, 15, 17, 13, 10, 20, 14, 12, 17, 11], [10, 15, 13, 11, 12, 16, 12, 15, 18, 18, 10], [13, 15, 15, 17, 13, 10, 20, 14, 12, 17, 11], [12, 13, 16, 11, 13, 14, 12, 15, 12, 15, 10], [11, 15, 15, 17, 12, 16, 17, 12, 19, 12, 13], [11, 15, 15, 17, 12, 16, 17, 12, 19, 12, 13], [12, 13, 16, 11, 13, 14, 12, 15, 12, 15, 10], [11, 15, 15, 17, 12, 16, 17, 12, 19, 12, 13], [11, 15, 15, 17, 12, 16, 17, 12, 19, 12, 13], [11, 19, 14, 20, 15, 10, 13, 14, 12, 12, 13], [19, 16, 17, 19, 17, 12, 20, 15, 12, 12, 16], [13, 15, 15, 17, 12, 16, 12, 15, 18, 18, 11], [13, 15, 15, 20, 19, 10, 20, 14, 11, 10, 13], [12, 13, 16, 11, 13, 14, 17, 16, 20, 15, 10], [11, 15, 15, 17, 12, 16, 12, 15, 12, 12, 13], [11, 15, 15, 17, 12, 16, 12, 15, 12, 12, 13], [15, 15, 15, 16, 12, 16, 11, 14, 14, 13, 20], [12, 13, 16, 11, 13, 14, 17, 12, 19, 15, 10], [12, 13, 16, 11, 13, 14, 17, 12, 19, 15, 10], [12, 13, 16, 11, 13, 14, 17, 12, 19, 15, 10], [10, 15, 13, 11, 13, 10, 20, 14, 12, 17, 10], [10, 15, 13, 11, 13, 10, 20, 14, 12, 17, 10], [15, 15, 10, 12, 17, 16, 11, 14, 14, 13, 20], [10, 15, 13, 11, 13, 14, 13, 14, 12, 17, 10]], ÍÓÎ-‚Ó: 35
ÕŒ¬€≈ œŒ ŒÀ≈Õ»ﬂ π2: [[12, 13, 16, 11, 13, 14, 12, 15, 12, 15, 10], [12, 13, 16, 11, 13, 14, 12, 15, 12, 15, 10], [11, 15, 15, 17, 12, 16, 17, 12, 19, 12, 13], [11, 15, 15, 17, 12, 16, 17, 12, 19, 12, 13], [10, 15, 13, 11, 13, 14, 20, 14, 11, 17, 10], [11, 15, 15, 17, 12, 16, 17, 12, 19, 12, 13], [11, 15, 15, 17, 12, 16, 17, 12, 19, 12, 13], [11, 19, 14, 20, 15, 10, 13, 14, 12, 12, 13], [19, 16, 17, 19, 17, 12, 20, 15, 12, 12, 16], [10, 15, 13, 11, 12, 16, 12, 15, 18, 18, 10], [13, 15, 15, 17, 12, 16, 12, 15, 18, 18, 11], [13, 15, 15, 20, 19, 10, 13, 14, 12, 10, 13], [13, 15, 15, 20, 19, 10, 13, 14, 12, 10, 13], [13, 15, 15, 20, 19, 10, 13, 14, 12, 10, 13], [13, 15, 15, 20, 19, 10, 13, 14, 12, 10, 13], [13, 15, 15, 17, 13, 10, 20, 14, 12, 17, 11], [13, 15, 15, 17, 13, 10, 20, 14, 12, 17, 11]]
ÕŒ¬€≈ œŒ ŒÀ≈Õ»ﬂ ‘≈ÕŒ“»œ€ π2: [[56, 64, 167, 84, 145, 186, 126, 1, 6, 220, 223], [56, 64, 167, 84, 145, 186, 126, 1, 6, 220, 223], [56, 64, 167, 84, 145, 186, 126, 1, 6, 220, 223], [56, 64, 167, 84, 145, 186, 126, 1, 6, 220, 223], [81, 89, 198, 41, 31, 142, 185, 124, 211, 30, 190], [56, 64, 167, 84, 145, 186, 126, 1, 6, 220, 223], [56, 64, 167, 84, 145, 186, 126, 1, 6, 220, 223], [105, 52, 17, 195, 82, 136, 219, 27, 70, 188, 189], [105, 52, 17, 195, 82, 136, 219, 27, 70, 188, 189], [81, 89, 198, 43, 180, 78, 126, 0, 107, 104, 190], [22, 198, 250, 251, 180, 78, 126, 1, 107, 104, 213], [81, 89, 198, 41, 31, 142, 185, 124, 211, 30, 190], [81, 89, 198, 41, 31, 142, 185, 124, 211, 30, 190], [81, 89, 198, 41, 31, 142, 185, 124, 211, 30, 190], [81, 89, 198, 41, 31, 142, 185, 124, 211, 30, 190], [81, 89, 198, 43, 180, 78, 126, 0, 107, 104, 190], [81, 89, 198, 43, 180, 78, 126, 0, 107, 104, 190]]
ÕŒ¬€≈ œŒ ŒÀ≈Õ»ﬂ œ–»—œŒ—Œ¡À≈ÕÕŒ—“‹ π2: [36, 37, 40, 40, 43, 43, 43, 46, 47, 48, 48, 49, 49, 49, 49, 49, 49]
ÕŒ¬€… À”◊ÿ»… œŒ“ŒÃŒ : 36
ÕŒ¬€≈ œŒ ŒÀ≈Õ»ﬂ ƒŒ —Œ–“»–Œ¬ »: [[13, 15, 15, 20, 12, 16, 12, 15, 18, 18, 13], [13, 15, 15, 20, 12, 16, 12, 15, 18, 18, 13], [13, 15, 15, 17, 19, 10, 13, 14, 12, 10, 11], [13, 15, 15, 20, 12, 16, 12, 15, 18, 18, 13], [10, 15, 15, 20, 19, 10, 20, 14, 11, 17, 10], [13, 15, 13, 11, 13, 14, 13, 14, 12, 10, 13], [13, 15, 13, 11, 13, 14, 13, 14, 12, 10, 13], [10, 15, 15, 20, 19, 10, 20, 14, 11, 17, 10], [13, 15, 13, 11, 13, 14, 13, 14, 12, 10, 13], [13, 15, 13, 11, 13, 14, 13, 14, 12, 10, 13], [11, 15, 15, 20, 19, 10, 13, 14, 12, 10, 13], [13, 15, 15, 17, 12, 16, 17, 12, 19, 12, 13], [13, 15, 15, 17, 12, 16, 17, 12, 19, 12, 13], [11, 15, 15, 20, 19, 10, 13, 14, 12, 10, 13], [13, 15, 15, 17, 12, 16, 17, 12, 19, 12, 13], [13, 15, 15, 17, 12, 16, 17, 12, 19, 12, 13], [11, 15, 15, 17, 12, 16, 12, 15, 18, 18, 13], [13, 15, 15, 17, 12, 16, 17, 12, 19, 12, 11], [13, 15, 15, 17, 12, 16, 17, 12, 19, 12, 11], [13, 15, 15, 17, 12, 16, 17, 12, 19, 12, 11], [12, 13, 16, 11, 13, 14, 12, 15, 12, 15, 10], [12, 13, 16, 11, 13, 14, 12, 15, 12, 15, 10], [11, 15, 15, 17, 12, 16, 17, 12, 19, 12, 13], [11, 15, 15, 17, 12, 16, 17, 12, 19, 12, 13], [10, 15, 13, 11, 13, 14, 20, 14, 11, 17, 10], [11, 15, 15, 17, 12, 16, 17, 12, 19, 12, 13], [11, 15, 15, 17, 12, 16, 17, 12, 19, 12, 13], [11, 19, 14, 20, 15, 10, 13, 14, 12, 12, 13], [19, 16, 17, 19, 17, 12, 20, 15, 12, 12, 16], [10, 15, 13, 11, 12, 16, 12, 15, 18, 18, 10], [13, 15, 15, 17, 12, 16, 12, 15, 18, 18, 11], [13, 15, 15, 20, 19, 10, 13, 14, 12, 10, 13], [13, 15, 15, 20, 19, 10, 13, 14, 12, 10, 13], [13, 15, 15, 20, 19, 10, 13, 14, 12, 10, 13], [13, 15, 15, 20, 19, 10, 13, 14, 12, 10, 13], [13, 15, 15, 17, 13, 10, 20, 14, 12, 17, 11], [13, 15, 15, 17, 13, 10, 20, 14, 12, 17, 11]], ÍÓÎ-‚Ó: 37
ÕŒ¬€≈ œŒ ŒÀ≈Õ»ﬂ π3: [[12, 13, 16, 11, 13, 14, 12, 15, 12, 15, 10], [12, 13, 16, 11, 13, 14, 12, 15, 12, 15, 10], [11, 15, 15, 17, 12, 16, 17, 12, 19, 12, 13], [11, 15, 15, 17, 12, 16, 17, 12, 19, 12, 13], [13, 15, 15, 17, 12, 16, 17, 12, 19, 12, 13], [13, 15, 15, 17, 12, 16, 17, 12, 19, 12, 13], [13, 15, 15, 17, 12, 16, 17, 12, 19, 12, 13], [13, 15, 15, 17, 12, 16, 17, 12, 19, 12, 13], [13, 15, 13, 11, 13, 14, 13, 14, 12, 10, 13], [13, 15, 13, 11, 13, 14, 13, 14, 12, 10, 13], [13, 15, 13, 11, 13, 14, 13, 14, 12, 10, 13], [13, 15, 13, 11, 13, 14, 13, 14, 12, 10, 13], [10, 15, 13, 11, 13, 14, 20, 14, 11, 17, 10], [11, 15, 15, 17, 12, 16, 17, 12, 19, 12, 13], [11, 15, 15, 17, 12, 16, 17, 12, 19, 12, 13], [13, 15, 15, 17, 19, 10, 13, 14, 12, 10, 11], [11, 19, 14, 20, 15, 10, 13, 14, 12, 12, 13], [19, 16, 17, 19, 17, 12, 20, 15, 12, 12, 16]]
ÕŒ¬€≈ œŒ ŒÀ≈Õ»ﬂ ‘≈ÕŒ“»œ€ π3: [[56, 64, 167, 84, 145, 186, 126, 1, 6, 220, 223], [56, 64, 167, 84, 145, 186, 126, 1, 6, 220, 223], [56, 64, 167, 84, 145, 186, 126, 1, 6, 220, 223], [56, 64, 167, 84, 145, 186, 126, 1, 6, 220, 223], [56, 64, 167, 41, 31, 142, 189, 124, 211, 26, 223], [56, 64, 167, 41, 31, 142, 189, 124, 211, 26, 223], [56, 64, 167, 41, 31, 142, 189, 124, 211, 26, 223], [56, 64, 167, 41, 31, 142, 189, 124, 211, 26, 223], [81, 89, 198, 41, 15, 142, 185, 92, 211, 30, 190], [81, 89, 198, 41, 15, 142, 185, 92, 211, 30, 190], [81, 89, 198, 41, 15, 142, 185, 92, 211, 30, 190], [81, 89, 198, 41, 15, 142, 185, 92, 211, 30, 190], [81, 89, 198, 41, 31, 142, 185, 124, 211, 30, 190], [56, 64, 167, 84, 145, 186, 126, 1, 6, 220, 223], [56, 64, 167, 84, 145, 186, 126, 1, 6, 220, 223], [22, 198, 250, 251, 31, 142, 185, 124, 211, 30, 85], [105, 52, 17, 195, 82, 136, 219, 27, 70, 188, 189], [105, 52, 17, 195, 82, 136, 219, 27, 70, 188, 189]]
ÕŒ¬€≈ œŒ ŒÀ≈Õ»ﬂ œ–»—œŒ—Œ¡À≈ÕÕŒ—“‹ π3: [36, 37, 40, 40, 41, 41, 41, 41, 42, 42, 42, 42, 43, 43, 43, 44, 46, 47]
ÀÛ˜¯ËÈ ÔÓÚÓÏÓÍ: 36, ÎÛ˜¯ËÈ ÔÓÚÓÏÓÍ ËÁ ÔÓÍÓÎÂÌËˇ π3: 36, ÍÓÎ-‚Ó ÔÓ‚ÚÓÂÌËÈ: 1
ÕŒ¬€≈ œŒ ŒÀ≈Õ»ﬂ ƒŒ —Œ–“»–Œ¬ »: [[13, 15, 13, 11, 17, 12, 20, 15, 12, 10, 13], [19, 16, 17, 19, 13, 14, 13, 14, 12, 12, 16], [19, 16, 17, 19, 13, 14, 13, 14, 12, 12, 16], [13, 15, 13, 11, 17, 12, 20, 15, 12, 10, 13], [19, 16, 17, 19, 13, 14, 13, 14, 12, 12, 16], [19, 16, 17, 19, 13, 14, 13, 14, 12, 12, 16], [10, 15, 13, 11, 13, 14, 20, 14, 11, 17, 10], [13, 15, 13, 11, 13, 14, 13, 14, 12, 10, 13], [13, 15, 13, 11, 13, 14, 13, 14, 12, 10, 13], [10, 15, 13, 11, 13, 14, 20, 14, 11, 17, 10], [13, 15, 13, 11, 13, 14, 13, 14, 12, 10, 13], [13, 15, 13, 11, 13, 14, 13, 14, 12, 10, 13], [11, 15, 15, 17, 12, 16, 17, 12, 19, 12, 13], [13, 15, 15, 17, 12, 16, 17, 12, 19, 12, 13], [13, 15, 15, 17, 12, 16, 17, 12, 19, 12, 13], [11, 15, 15, 17, 12, 16, 17, 12, 19, 12, 13], [13, 15, 15, 17, 12, 16, 17, 12, 19, 12, 13], [13, 15, 13, 11, 13, 14, 13, 14, 12, 10, 11], [13, 15, 13, 11, 13, 14, 13, 14, 12, 10, 11], [13, 15, 15, 17, 19, 10, 13, 14, 12, 10, 13], [12, 13, 16, 11, 13, 14, 12, 15, 12, 15, 10], [12, 13, 16, 11, 13, 14, 12, 15, 12, 15, 10], [11, 15, 15, 17, 12, 16, 17, 12, 19, 12, 13], [11, 15, 15, 17, 12, 16, 17, 12, 19, 12, 13], [13, 15, 15, 17, 12, 16, 17, 12, 19, 12, 13], [13, 15, 15, 17, 12, 16, 17, 12, 19, 12, 13], [13, 15, 15, 17, 12, 16, 17, 12, 19, 12, 13], [13, 15, 15, 17, 12, 16, 17, 12, 19, 12, 13], [13, 15, 13, 11, 13, 14, 13, 14, 12, 10, 13], [13, 15, 13, 11, 13, 14, 13, 14, 12, 10, 13], [13, 15, 13, 11, 13, 14, 13, 14, 12, 10, 13], [13, 15, 13, 11, 13, 14, 13, 14, 12, 10, 13], [10, 15, 13, 11, 13, 14, 20, 14, 11, 17, 10], [11, 15, 15, 17, 12, 16, 17, 12, 19, 12, 13], [11, 15, 15, 17, 12, 16, 17, 12, 19, 12, 13], [13, 15, 15, 17, 19, 10, 13, 14, 12, 10, 11], [11, 19, 14, 20, 15, 10, 13, 14, 12, 12, 13], [19, 16, 17, 19, 17, 12, 20, 15, 12, 12, 16]], ÍÓÎ-‚Ó: 38
ÕŒ¬€≈ œŒ ŒÀ≈Õ»ﬂ π4: [[12, 13, 16, 11, 13, 14, 12, 15, 12, 15, 10], [12, 13, 16, 11, 13, 14, 12, 15, 12, 15, 10], [13, 15, 13, 11, 13, 14, 13, 14, 12, 10, 13], [13, 15, 13, 11, 13, 14, 13, 14, 12, 10, 13], [13, 15, 13, 11, 13, 14, 13, 14, 12, 10, 13], [13, 15, 13, 11, 13, 14, 13, 14, 12, 10, 13], [11, 15, 15, 17, 12, 16, 17, 12, 19, 12, 13], [11, 15, 15, 17, 12, 16, 17, 12, 19, 12, 13], [13, 15, 15, 17, 12, 16, 17, 12, 19, 12, 13], [13, 15, 15, 17, 12, 16, 17, 12, 19, 12, 13], [13, 15, 15, 17, 12, 16, 17, 12, 19, 12, 13], [13, 15, 15, 17, 12, 16, 17, 12, 19, 12, 13], [13, 15, 13, 11, 13, 14, 13, 14, 12, 10, 13], [13, 15, 13, 11, 13, 14, 13, 14, 12, 10, 13], [13, 15, 13, 11, 13, 14, 13, 14, 12, 10, 13], [13, 15, 13, 11, 13, 14, 13, 14, 12, 10, 13], [10, 15, 13, 11, 13, 14, 20, 14, 11, 17, 10], [10, 15, 13, 11, 13, 14, 20, 14, 11, 17, 10], [11, 15, 15, 17, 12, 16, 17, 12, 19, 12, 13]]
ÕŒ¬€≈ œŒ ŒÀ≈Õ»ﬂ ‘≈ÕŒ“»œ€ π4: [[56, 64, 167, 84, 145, 186, 126, 1, 6, 220, 223], [56, 64, 167, 84, 145, 186, 126, 1, 6, 220, 223], [81, 89, 198, 41, 29, 142, 185, 108, 211, 30, 190], [81, 89, 198, 41, 29, 142, 185, 108, 211, 30, 190], [81, 89, 198, 41, 29, 142, 185, 108, 211, 30, 190], [81, 89, 198, 41, 29, 142, 185, 108, 211, 30, 190], [56, 64, 167, 84, 145, 186, 126, 1, 6, 220, 223], [56, 64, 167, 84, 145, 186, 126, 1, 6, 220, 223], [56, 64, 167, 41, 31, 142, 189, 124, 211, 26, 223], [56, 64, 167, 41, 31, 142, 189, 124, 211, 26, 223], [56, 64, 167, 41, 31, 142, 189, 124, 211, 26, 223], [56, 64, 167, 41, 31, 142, 189, 124, 211, 26, 223], [81, 89, 198, 41, 15, 142, 185, 92, 211, 30, 190], [81, 89, 198, 41, 15, 142, 185, 92, 211, 30, 190], [81, 89, 198, 41, 15, 142, 185, 92, 211, 30, 190], [81, 89, 198, 41, 15, 142, 185, 92, 211, 30, 190], [81, 89, 198, 41, 29, 142, 185, 108, 211, 30, 190], [81, 89, 198, 41, 29, 142, 185, 108, 211, 30, 190], [58, 64, 167, 84, 145, 142, 189, 126, 211, 26, 223]]
ÕŒ¬€≈ œŒ ŒÀ≈Õ»ﬂ œ–»—œŒ—Œ¡À≈ÕÕŒ—“‹ π4: [36, 37, 39, 39, 39, 39, 40, 40, 41, 41, 41, 41, 42, 42, 42, 42, 43, 43, 43]
ÀÛ˜¯ËÈ ÔÓÚÓÏÓÍ: 36, ÎÛ˜¯ËÈ ÔÓÚÓÏÓÍ ËÁ ÔÓÍÓÎÂÌËˇ π4: 36, ÍÓÎ-‚Ó ÔÓ‚ÚÓÂÌËÈ: 2
ÕŒ¬€≈ œŒ ŒÀ≈Õ»ﬂ ƒŒ —Œ–“»–Œ¬ »: [[11, 15, 15, 17, 12, 14, 13, 12, 19, 12, 13], [11, 15, 15, 17, 12, 14, 13, 12, 19, 12, 13], [11, 15, 15, 17, 12, 14, 13, 14, 12, 12, 13], [11, 15, 15, 17, 12, 14, 13, 14, 12, 12, 13], [13, 15, 13, 11, 13, 16, 17, 12, 19, 10, 13], [13, 15, 13, 11, 13, 16, 17, 12, 19, 10, 13], [12, 13, 16, 11, 13, 14, 17, 12, 12, 15, 10], [13, 15, 15, 17, 12, 16, 12, 15, 19, 12, 13], [13, 15, 15, 17, 12, 16, 12, 15, 19, 12, 13], [12, 13, 16, 11, 13, 14, 17, 12, 12, 15, 10], [13, 15, 15, 17, 12, 16, 12, 15, 19, 12, 13], [13, 15, 15, 17, 12, 16, 12, 15, 19, 12, 13], [10, 15, 13, 11, 13, 14, 13, 14, 11, 17, 10], [10, 15, 13, 11, 13, 14, 13, 14, 11, 17, 10], [13, 15, 13, 11, 13, 14, 20, 14, 12, 10, 13], [10, 15, 13, 11, 13, 14, 13, 14, 11, 17, 10], [13, 15, 13, 11, 13, 14, 13, 14, 12, 10, 13], [13, 15, 13, 11, 13, 14, 13, 14, 12, 10, 13], [13, 15, 13, 11, 13, 14, 13, 14, 12, 10, 13], [13, 15, 13, 11, 13, 14, 13, 14, 12, 10, 13], [12, 13, 16, 11, 13, 14, 12, 15, 12, 15, 10], [12, 13, 16, 11, 13, 14, 12, 15, 12, 15, 10], [13, 15, 13, 11, 13, 14, 13, 14, 12, 10, 13], [13, 15, 13, 11, 13, 14, 13, 14, 12, 10, 13], [13, 15, 13, 11, 13, 14, 13, 14, 12, 10, 13], [13, 15, 13, 11, 13, 14, 13, 14, 12, 10, 13], [11, 15, 15, 17, 12, 16, 17, 12, 19, 12, 13], [11, 15, 15, 17, 12, 16, 17, 12, 19, 12, 13], [13, 15, 15, 17, 12, 16, 17, 12, 19, 12, 13], [13, 15, 15, 17, 12, 16, 17, 12, 19, 12, 13], [13, 15, 15, 17, 12, 16, 17, 12, 19, 12, 13], [13, 15, 15, 17, 12, 16, 17, 12, 19, 12, 13], [13, 15, 13, 11, 13, 14, 13, 14, 12, 10, 13], [13, 15, 13, 11, 13, 14, 13, 14, 12, 10, 13], [13, 15, 13, 11, 13, 14, 13, 14, 12, 10, 13], [13, 15, 13, 11, 13, 14, 13, 14, 12, 10, 13], [10, 15, 13, 11, 13, 14, 20, 14, 11, 17, 10], [10, 15, 13, 11, 13, 14, 20, 14, 11, 17, 10], [11, 15, 15, 17, 12, 16, 17, 12, 19, 12, 13]], ÍÓÎ-‚Ó: 39
ÕŒ¬€≈ œŒ ŒÀ≈Õ»ﬂ π5: [[12, 13, 16, 11, 13, 14, 12, 15, 12, 15, 10], [12, 13, 16, 11, 13, 14, 12, 15, 12, 15, 10], [13, 15, 13, 11, 13, 14, 13, 14, 12, 10, 13], [13, 15, 13, 11, 13, 14, 13, 14, 12, 10, 13], [13, 15, 13, 11, 13, 14, 13, 14, 12, 10, 13], [13, 15, 13, 11, 13, 14, 13, 14, 12, 10, 13], [13, 15, 13, 11, 13, 14, 13, 14, 12, 10, 13], [13, 15, 13, 11, 13, 14, 13, 14, 12, 10, 13], [13, 15, 13, 11, 13, 14, 13, 14, 12, 10, 13], [13, 15, 13, 11, 13, 14, 13, 14, 12, 10, 13], [11, 15, 15, 17, 12, 16, 17, 12, 19, 12, 13], [11, 15, 15, 17, 12, 16, 17, 12, 19, 12, 13], [10, 15, 13, 11, 13, 14, 13, 14, 11, 17, 10], [10, 15, 13, 11, 13, 14, 13, 14, 11, 17, 10], [10, 15, 13, 11, 13, 14, 13, 14, 11, 17, 10], [13, 15, 15, 17, 12, 16, 17, 12, 19, 12, 13], [13, 15, 15, 17, 12, 16, 17, 12, 19, 12, 13], [13, 15, 15, 17, 12, 16, 17, 12, 19, 12, 13], [13, 15, 15, 17, 12, 16, 17, 12, 19, 12, 13]]
ÕŒ¬€≈ œŒ ŒÀ≈Õ»ﬂ ‘≈ÕŒ“»œ€ π5: [[56, 64, 167, 84, 145, 186, 126, 1, 6, 220, 223], [56, 64, 167, 84, 145, 186, 126, 1, 6, 220, 223], [81, 93, 198, 41, 29, 142, 185, 108, 211, 28, 190], [81, 93, 198, 41, 29, 142, 185, 108, 211, 28, 190], [81, 93, 198, 41, 29, 142, 185, 108, 211, 28, 190], [81, 93, 198, 41, 29, 142, 185, 108, 211, 28, 190], [81, 89, 198, 41, 29, 142, 185, 108, 211, 30, 190], [81, 89, 198, 41, 29, 142, 185, 108, 211, 30, 190], [81, 89, 198, 41, 29, 142, 185, 108, 211, 30, 190], [81, 89, 198, 41, 29, 142, 185, 108, 211, 30, 190], [56, 64, 167, 84, 145, 186, 126, 1, 6, 220, 223], [56, 64, 167, 84, 145, 186, 126, 1, 6, 220, 223], [81, 89, 198, 41, 29, 142, 177, 108, 211, 30, 190], [81, 89, 198, 41, 29, 142, 177, 108, 211, 30, 190], [81, 89, 198, 41, 29, 142, 177, 108, 211, 30, 190], [56, 64, 167, 41, 31, 142, 189, 124, 211, 26, 223], [56, 64, 167, 41, 31, 142, 189, 124, 211, 26, 223], [56, 64, 167, 41, 31, 142, 189, 124, 211, 26, 223], [56, 64, 167, 41, 31, 142, 189, 124, 211, 26, 223]]
ÕŒ¬€≈ œŒ ŒÀ≈Õ»ﬂ œ–»—œŒ—Œ¡À≈ÕÕŒ—“‹ π5: [36, 37, 39, 39, 39, 39, 39, 39, 39, 39, 40, 40, 41, 41, 41, 41, 41, 41, 41]
ÀÛ˜¯ËÈ ÔÓÚÓÏÓÍ: 36, ÎÛ˜¯ËÈ ÔÓÚÓÏÓÍ ËÁ ÔÓÍÓÎÂÌËˇ π5: 36, ÍÓÎ-‚Ó ÔÓ‚ÚÓÂÌËÈ: 3
ÕŒ¬€≈ œŒ ŒÀ≈Õ»ﬂ ƒŒ —Œ–“»–Œ¬ »: [[13, 15, 13, 11, 13, 14, 13, 14, 11, 10, 13], [10, 15, 13, 11, 13, 14, 13, 14, 12, 17, 10], [10, 15, 13, 11, 13, 14, 13, 14, 12, 17, 10], [13, 15, 13, 11, 13, 14, 13, 14, 11, 10, 13], [10, 15, 13, 11, 13, 14, 13, 14, 12, 17, 10], [10, 15, 13, 11, 13, 14, 13, 14, 12, 17, 10], [13, 15, 13, 11, 13, 14, 13, 14, 12, 10, 13], [13, 15, 13, 11, 13, 14, 13, 14, 12, 10, 13], [13, 15, 13, 11, 13, 14, 13, 14, 12, 10, 13], [13, 15, 13, 11, 13, 14, 13, 14, 12, 10, 13], [13, 15, 13, 11, 13, 14, 13, 14, 12, 10, 13], [13, 15, 13, 11, 13, 14, 13, 14, 12, 10, 13], [10, 15, 13, 11, 13, 14, 13, 14, 11, 17, 10], [13, 15, 13, 11, 13, 14, 13, 14, 12, 10, 13], [10, 15, 13, 11, 13, 14, 13, 14, 11, 17, 10], [10, 15, 13, 11, 13, 14, 13, 14, 11, 17, 10], [11, 13, 15, 17, 12, 16, 17, 12, 19, 12, 13], [12, 15, 16, 11, 13, 14, 12, 15, 12, 15, 10], [11, 13, 15, 17, 12, 16, 17, 12, 19, 12, 13], [11, 13, 15, 17, 12, 16, 17, 12, 19, 12, 13], [12, 13, 16, 11, 13, 14, 12, 15, 12, 15, 10], [12, 13, 16, 11, 13, 14, 12, 15, 12, 15, 10], [13, 15, 13, 11, 13, 14, 13, 14, 12, 10, 13], [13, 15, 13, 11, 13, 14, 13, 14, 12, 10, 13], [13, 15, 13, 11, 13, 14, 13, 14, 12, 10, 13], [13, 15, 13, 11, 13, 14, 13, 14, 12, 10, 13], [13, 15, 13, 11, 13, 14, 13, 14, 12, 10, 13], [13, 15, 13, 11, 13, 14, 13, 14, 12, 10, 13], [13, 15, 13, 11, 13, 14, 13, 14, 12, 10, 13], [13, 15, 13, 11, 13, 14, 13, 14, 12, 10, 13], [11, 15, 15, 17, 12, 16, 17, 12, 19, 12, 13], [11, 15, 15, 17, 12, 16, 17, 12, 19, 12, 13], [10, 15, 13, 11, 13, 14, 13, 14, 11, 17, 10], [10, 15, 13, 11, 13, 14, 13, 14, 11, 17, 10], [10, 15, 13, 11, 13, 14, 13, 14, 11, 17, 10], [13, 15, 15, 17, 12, 16, 17, 12, 19, 12, 13], [13, 15, 15, 17, 12, 16, 17, 12, 19, 12, 13], [13, 15, 15, 17, 12, 16, 17, 12, 19, 12, 13], [13, 15, 15, 17, 12, 16, 17, 12, 19, 12, 13]], ÍÓÎ-‚Ó: 39
ÕŒ¬€≈ œŒ ŒÀ≈Õ»ﬂ π6: [[13, 15, 13, 11, 13, 14, 13, 14, 12, 10, 13], [13, 15, 13, 11, 13, 14, 13, 14, 12, 10, 13], [12, 13, 16, 11, 13, 14, 12, 15, 12, 15, 10], [12, 13, 16, 11, 13, 14, 12, 15, 12, 15, 10], [12, 15, 16, 11, 13, 14, 12, 15, 12, 15, 10], [13, 15, 13, 11, 13, 14, 13, 14, 11, 10, 13], [13, 15, 13, 11, 13, 14, 13, 14, 12, 10, 13], [13, 15, 13, 11, 13, 14, 13, 14, 12, 10, 13], [13, 15, 13, 11, 13, 14, 13, 14, 12, 10, 13], [13, 15, 13, 11, 13, 14, 13, 14, 12, 10, 13], [13, 15, 13, 11, 13, 14, 13, 14, 12, 10, 13], [13, 15, 13, 11, 13, 14, 13, 14, 12, 10, 13], [13, 15, 13, 11, 13, 14, 13, 14, 12, 10, 13], [13, 15, 13, 11, 13, 14, 13, 14, 12, 10, 13], [13, 15, 13, 11, 13, 14, 13, 14, 12, 10, 13], [13, 15, 13, 11, 13, 14, 13, 14, 12, 10, 13], [13, 15, 13, 11, 13, 14, 13, 14, 12, 10, 13], [13, 15, 13, 11, 13, 14, 13, 14, 12, 10, 13], [13, 15, 13, 11, 13, 14, 13, 14, 12, 10, 13]]
ÕŒ¬€≈ œŒ ŒÀ≈Õ»ﬂ ‘≈ÕŒ“»œ€ π6: [[81, 93, 206, 41, 29, 142, 189, 108, 211, 28, 190], [81, 93, 206, 41, 29, 142, 189, 108, 211, 28, 190], [56, 64, 167, 84, 145, 186, 126, 1, 6, 220, 223], [56, 64, 167, 84, 145, 186, 126, 1, 6, 220, 223], [56, 64, 167, 84, 145, 186, 127, 1, 6, 220, 223], [81, 89, 198, 43, 29, 142, 177, 108, 211, 28, 62], [81, 93, 206, 41, 29, 142, 189, 108, 211, 28, 190], [81, 93, 206, 41, 29, 142, 189, 108, 211, 28, 190], [81, 93, 206, 41, 29, 142, 189, 108, 211, 28, 190], [81, 93, 198, 41, 29, 142, 189, 108, 210, 28, 190], [81, 93, 198, 41, 29, 142, 189, 108, 210, 28, 190], [81, 93, 198, 41, 29, 142, 185, 108, 211, 28, 190], [81, 93, 198, 41, 29, 142, 185, 108, 211, 28, 190], [81, 93, 198, 41, 29, 142, 185, 108, 211, 28, 190], [81, 93, 198, 41, 29, 142, 185, 108, 211, 28, 190], [81, 89, 198, 41, 29, 142, 185, 108, 211, 30, 190], [81, 89, 198, 41, 29, 142, 185, 108, 211, 30, 190], [81, 89, 198, 41, 29, 142, 185, 108, 211, 30, 190], [81, 89, 198, 41, 29, 142, 185, 108, 211, 30, 190]]
ÕŒ¬€≈ œŒ ŒÀ≈Õ»ﬂ œ–»—œŒ—Œ¡À≈ÕÕŒ—“‹ π6: [34, 34, 36, 37, 38, 39, 39, 39, 39, 39, 39, 39, 39, 39, 39, 39, 39, 39, 39]
ÕŒ¬€… À”◊ÿ»… œŒ“ŒÃŒ : 34
ÕŒ¬€≈ œŒ ŒÀ≈Õ»ﬂ ƒŒ —Œ–“»–Œ¬ »: [[13, 15, 13, 11, 13, 14, 13, 14, 12, 10, 13], [13, 15, 13, 11, 13, 14, 13, 14, 12, 10, 13], [13, 15, 13, 11, 13, 14, 13, 14, 12, 10, 13], [13, 15, 13, 11, 13, 14, 13, 14, 12, 10, 13], [13, 15, 13, 11, 13, 14, 13, 14, 12, 10, 13], [13, 15, 13, 11, 13, 14, 13, 14, 12, 10, 13], [13, 15, 13, 11, 13, 14, 13, 14, 12, 10, 13], [13, 15, 13, 11, 13, 14, 13, 14, 12, 10, 13], [13, 15, 13, 11, 13, 14, 13, 14, 12, 10, 13], [13, 15, 13, 11, 13, 14, 13, 14, 12, 10, 13], [13, 15, 13, 11, 13, 14, 13, 14, 12, 10, 13], [13, 15, 13, 11, 13, 14, 13, 14, 12, 10, 13], [12, 13, 16, 11, 13, 14, 12, 15, 12, 15, 10], [13, 15, 13, 11, 13, 14, 13, 14, 12, 10, 13], [13, 15, 13, 11, 13, 14, 13, 14, 12, 10, 13], [13, 15, 13, 11, 13, 14, 13, 14, 12, 10, 13], [13, 15, 13, 11, 13, 14, 13, 14, 12, 10, 13], [13, 15, 13, 11, 13, 14, 13, 14, 12, 10, 13], [13, 15, 13, 11, 13, 14, 13, 14, 12, 10, 13], [13, 15, 13, 11, 13, 14, 13, 14, 12, 10, 13], [13, 15, 13, 11, 13, 14, 13, 14, 12, 10, 13], [13, 15, 13, 11, 13, 14, 13, 14, 12, 10, 13], [12, 13, 16, 11, 13, 14, 12, 15, 12, 15, 10], [12, 13, 16, 11, 13, 14, 12, 15, 12, 15, 10], [12, 15, 16, 11, 13, 14, 12, 15, 12, 15, 10], [13, 15, 13, 11, 13, 14, 13, 14, 11, 10, 13], [13, 15, 13, 11, 13, 14, 13, 14, 12, 10, 13], [13, 15, 13, 11, 13, 14, 13, 14, 12, 10, 13], [13, 15, 13, 11, 13, 14, 13, 14, 12, 10, 13], [13, 15, 13, 11, 13, 14, 13, 14, 12, 10, 13], [13, 15, 13, 11, 13, 14, 13, 14, 12, 10, 13], [13, 15, 13, 11, 13, 14, 13, 14, 12, 10, 13], [13, 15, 13, 11, 13, 14, 13, 14, 12, 10, 13], [13, 15, 13, 11, 13, 14, 13, 14, 12, 10, 13], [13, 15, 13, 11, 13, 14, 13, 14, 12, 10, 13], [13, 15, 13, 11, 13, 14, 13, 14, 12, 10, 13], [13, 15, 13, 11, 13, 14, 13, 14, 12, 10, 13], [13, 15, 13, 11, 13, 14, 13, 14, 12, 10, 13], [13, 15, 13, 11, 13, 14, 13, 14, 12, 10, 13]], ÍÓÎ-‚Ó: 39
ÕŒ¬€≈ œŒ ŒÀ≈Õ»ﬂ π7: [[13, 15, 13, 11, 13, 14, 13, 14, 12, 10, 13], [13, 15, 13, 11, 13, 14, 13, 14, 12, 10, 13], [13, 15, 13, 11, 13, 14, 13, 14, 12, 10, 13], [13, 15, 13, 11, 13, 14, 13, 14, 12, 10, 13], [13, 15, 13, 11, 13, 14, 13, 14, 12, 10, 13], [13, 15, 13, 11, 13, 14, 13, 14, 12, 10, 13], [13, 15, 13, 11, 13, 14, 13, 14, 12, 10, 13], [13, 15, 13, 11, 13, 14, 13, 14, 12, 10, 13], [13, 15, 13, 11, 13, 14, 13, 14, 12, 10, 13], [13, 15, 13, 11, 13, 14, 13, 14, 12, 10, 13], [13, 15, 13, 11, 13, 14, 13, 14, 12, 10, 13], [13, 15, 13, 11, 13, 14, 13, 14, 12, 10, 13], [13, 15, 13, 11, 13, 14, 13, 14, 12, 10, 13], [12, 13, 16, 11, 13, 14, 12, 15, 12, 15, 10], [12, 13, 16, 11, 13, 14, 12, 15, 12, 15, 10], [12, 13, 16, 11, 13, 14, 12, 15, 12, 15, 10], [12, 15, 16, 11, 13, 14, 12, 15, 12, 15, 10], [13, 15, 13, 11, 13, 14, 13, 14, 12, 10, 13], [13, 15, 13, 11, 13, 14, 13, 14, 12, 10, 13]]
ÕŒ¬€≈ œŒ ŒÀ≈Õ»ﬂ ‘≈ÕŒ“»œ€ π7: [[81, 93, 206, 41, 29, 142, 181, 108, 211, 28, 186], [81, 93, 206, 41, 29, 142, 181, 108, 211, 28, 186], [81, 93, 206, 41, 29, 142, 181, 108, 211, 28, 186], [81, 93, 206, 41, 29, 142, 181, 108, 211, 28, 186], [81, 93, 206, 41, 29, 142, 181, 108, 211, 28, 186], [81, 93, 206, 41, 29, 142, 181, 108, 211, 28, 186], [81, 93, 206, 41, 29, 138, 191, 108, 211, 28, 190], [81, 93, 206, 41, 29, 138, 191, 108, 211, 28, 190], [81, 93, 206, 41, 29, 138, 191, 108, 211, 28, 190], [81, 93, 206, 41, 29, 138, 191, 108, 211, 28, 190], [81, 93, 206, 41, 29, 138, 191, 108, 211, 28, 190], [81, 93, 206, 41, 29, 142, 189, 108, 211, 28, 190], [81, 93, 206, 41, 29, 142, 189, 108, 211, 28, 190], [56, 64, 167, 84, 145, 186, 126, 1, 6, 220, 223], [56, 64, 167, 84, 145, 154, 126, 1, 211, 220, 223], [56, 64, 167, 84, 145, 186, 126, 1, 6, 220, 223], [56, 64, 167, 84, 145, 186, 127, 1, 6, 220, 223], [56, 64, 167, 84, 145, 154, 126, 1, 211, 220, 223], [56, 64, 167, 84, 145, 154, 126, 1, 211, 220, 223]]
ÕŒ¬€≈ œŒ ŒÀ≈Õ»ﬂ œ–»—œŒ—Œ¡À≈ÕÕŒ—“‹ π7: [34, 34, 34, 34, 34, 34, 34, 34, 34, 34, 34, 34, 34, 36, 37, 37, 38, 39, 39]
ÀÛ˜¯ËÈ ÔÓÚÓÏÓÍ: 34, ÎÛ˜¯ËÈ ÔÓÚÓÏÓÍ ËÁ ÔÓÍÓÎÂÌËˇ π7: 34, ÍÓÎ-‚Ó ÔÓ‚ÚÓÂÌËÈ: 1
ÕŒ¬€≈ œŒ ŒÀ≈Õ»ﬂ ƒŒ —Œ–“»–Œ¬ »: [[12, 15, 16, 11, 13, 14, 12, 15, 12, 15, 10], [13, 15, 13, 11, 13, 14, 13, 14, 12, 10, 13], [13, 15, 13, 11, 13, 14, 13, 14, 12, 10, 13], [12, 15, 16, 11, 13, 14, 12, 15, 12, 15, 10], [13, 15, 13, 11, 13, 14, 13, 14, 12, 10, 13], [12, 13, 16, 11, 13, 14, 12, 15, 12, 15, 10], [12, 13, 16, 11, 13, 14, 12, 15, 12, 15, 10], [12, 13, 16, 11, 13, 14, 12, 15, 12, 15, 10], [12, 13, 16, 11, 13, 14, 12, 15, 12, 15, 10], [12, 13, 16, 11, 13, 14, 12, 15, 12, 15, 10], [12, 13, 16, 11, 13, 14, 12, 15, 12, 15, 10], [13, 15, 13, 11, 13, 14, 13, 14, 12, 10, 13], [13, 15, 13, 11, 13, 14, 13, 14, 12, 10, 13], [13, 15, 13, 11, 13, 14, 13, 14, 12, 10, 13], [13, 15, 13, 11, 13, 14, 13, 14, 12, 10, 13], [13, 15, 13, 11, 13, 14, 13, 14, 12, 10, 13], [12, 13, 16, 11, 13, 14, 12, 15, 12, 15, 10], [13, 15, 13, 11, 13, 14, 13, 14, 12, 10, 13], [13, 15, 13, 11, 13, 14, 13, 14, 12, 10, 13], [12, 13, 16, 11, 13, 14, 12, 15, 12, 15, 10], [13, 15, 13, 11, 13, 14, 13, 14, 12, 10, 13], [13, 15, 13, 11, 13, 14, 13, 14, 12, 10, 13], [13, 15, 13, 11, 13, 14, 13, 14, 12, 10, 13], [13, 15, 13, 11, 13, 14, 13, 14, 12, 10, 13], [13, 15, 13, 11, 13, 14, 13, 14, 12, 10, 13], [13, 15, 13, 11, 13, 14, 13, 14, 12, 10, 13], [13, 15, 13, 11, 13, 14, 13, 14, 12, 10, 13], [13, 15, 13, 11, 13, 14, 13, 14, 12, 10, 13], [13, 15, 13, 11, 13, 14, 13, 14, 12, 10, 13], [13, 15, 13, 11, 13, 14, 13, 14, 12, 10, 13], [13, 15, 13, 11, 13, 14, 13, 14, 12, 10, 13], [13, 15, 13, 11, 13, 14, 13, 14, 12, 10, 13], [13, 15, 13, 11, 13, 14, 13, 14, 12, 10, 13], [12, 13, 16, 11, 13, 14, 12, 15, 12, 15, 10], [12, 13, 16, 11, 13, 14, 12, 15, 12, 15, 10], [12, 13, 16, 11, 13, 14, 12, 15, 12, 15, 10], [12, 15, 16, 11, 13, 14, 12, 15, 12, 15, 10], [13, 15, 13, 11, 13, 14, 13, 14, 12, 10, 13], [13, 15, 13, 11, 13, 14, 13, 14, 12, 10, 13]], ÍÓÎ-‚Ó: 39
ÕŒ¬€≈ œŒ ŒÀ≈Õ»ﬂ π8: [[13, 15, 13, 11, 13, 14, 13, 14, 12, 10, 13], [13, 15, 13, 11, 13, 14, 13, 14, 12, 10, 13], [13, 15, 13, 11, 13, 14, 13, 14, 12, 10, 13], [13, 15, 13, 11, 13, 14, 13, 14, 12, 10, 13], [13, 15, 13, 11, 13, 14, 13, 14, 12, 10, 13], [13, 15, 13, 11, 13, 14, 13, 14, 12, 10, 13], [13, 15, 13, 11, 13, 14, 13, 14, 12, 10, 13], [13, 15, 13, 11, 13, 14, 13, 14, 12, 10, 13], [13, 15, 13, 11, 13, 14, 13, 14, 12, 10, 13], [13, 15, 13, 11, 13, 14, 13, 14, 12, 10, 13], [13, 15, 13, 11, 13, 14, 13, 14, 12, 10, 13], [13, 15, 13, 11, 13, 14, 13, 14, 12, 10, 13], [13, 15, 13, 11, 13, 14, 13, 14, 12, 10, 13], [12, 13, 16, 11, 13, 14, 12, 15, 12, 15, 10], [12, 13, 16, 11, 13, 14, 12, 15, 12, 15, 10], [12, 13, 16, 11, 13, 14, 12, 15, 12, 15, 10], [12, 13, 16, 11, 13, 14, 12, 15, 12, 15, 10], [12, 13, 16, 11, 13, 14, 12, 15, 12, 15, 10], [12, 13, 16, 11, 13, 14, 12, 15, 12, 15, 10]]
ÕŒ¬€≈ œŒ ŒÀ≈Õ»ﬂ ‘≈ÕŒ“»œ€ π8: [[81, 93, 206, 41, 29, 142, 181, 108, 211, 28, 186], [81, 93, 206, 41, 29, 142, 181, 108, 211, 28, 186], [81, 93, 206, 41, 29, 142, 181, 108, 211, 28, 186], [81, 93, 206, 41, 29, 142, 181, 108, 211, 28, 186], [81, 93, 206, 41, 29, 142, 181, 108, 211, 28, 186], [81, 93, 206, 41, 29, 142, 181, 108, 211, 28, 186], [81, 93, 206, 41, 29, 138, 191, 108, 211, 28, 190], [81, 93, 206, 41, 29, 138, 191, 108, 211, 28, 190], [81, 93, 206, 41, 29, 138, 191, 108, 211, 28, 190], [81, 93, 206, 41, 29, 138, 191, 108, 211, 28, 190], [81, 93, 206, 41, 29, 138, 191, 108, 211, 28, 190], [81, 93, 206, 41, 29, 142, 189, 108, 211, 28, 190], [81, 93, 206, 41, 29, 142, 189, 108, 211, 28, 190], [60, 64, 167, 84, 145, 186, 126, 0, 6, 220, 223], [60, 64, 167, 84, 145, 186, 126, 0, 6, 220, 223], [60, 64, 167, 84, 145, 186, 126, 0, 6, 220, 223], [60, 64, 167, 84, 145, 186, 126, 0, 6, 220, 223], [60, 64, 167, 84, 145, 186, 126, 0, 6, 220, 223], [60, 64, 167, 84, 145, 186, 126, 0, 6, 220, 223]]
ÕŒ¬€≈ œŒ ŒÀ≈Õ»ﬂ œ–»—œŒ—Œ¡À≈ÕÕŒ—“‹ π8: [34, 34, 34, 34, 34, 34, 34, 34, 34, 34, 34, 34, 34, 36, 36, 36, 36, 36, 36]
ÀÛ˜¯ËÈ ÔÓÚÓÏÓÍ: 34, ÎÛ˜¯ËÈ ÔÓÚÓÏÓÍ ËÁ ÔÓÍÓÎÂÌËˇ π8: 34, ÍÓÎ-‚Ó ÔÓ‚ÚÓÂÌËÈ: 2
ÕŒ¬€≈ œŒ ŒÀ≈Õ»ﬂ ƒŒ —Œ–“»–Œ¬ »: [[13, 15, 13, 11, 13, 14, 13, 14, 12, 10, 13], [13, 15, 13, 11, 13, 14, 13, 14, 12, 10, 13], [13, 15, 13, 11, 13, 14, 13, 14, 12, 10, 13], [13, 15, 13, 11, 13, 14, 13, 14, 12, 10, 13], [13, 15, 13, 11, 13, 14, 13, 14, 12, 10, 13], [13, 15, 13, 11, 13, 14, 13, 14, 12, 10, 13], [13, 15, 13, 11, 13, 14, 13, 14, 12, 10, 13], [13, 15, 13, 11, 13, 14, 13, 14, 12, 10, 13], [13, 15, 13, 11, 13, 14, 13, 14, 12, 10, 13], [13, 15, 13, 11, 13, 14, 13, 14, 12, 10, 13], [13, 15, 13, 11, 13, 14, 13, 14, 12, 10, 13], [13, 15, 13, 11, 13, 14, 13, 14, 12, 10, 13], [13, 15, 13, 11, 13, 14, 13, 14, 12, 10, 13], [13, 15, 13, 11, 13, 14, 13, 14, 12, 10, 13], [13, 15, 13, 11, 13, 14, 13, 14, 12, 10, 13], [13, 15, 13, 11, 13, 14, 13, 14, 12, 10, 13], [13, 15, 13, 11, 13, 14, 13, 14, 12, 10, 13], [13, 15, 13, 11, 13, 14, 13, 14, 12, 10, 13], [13, 15, 13, 11, 13, 14, 13, 14, 12, 10, 13], [13, 15, 13, 11, 13, 14, 13, 14, 12, 10, 13], [13, 15, 13, 11, 13, 14, 13, 14, 12, 10, 13], [13, 15, 13, 11, 13, 14, 13, 14, 12, 10, 13], [13, 15, 13, 11, 13, 14, 13, 14, 12, 10, 13], [13, 15, 13, 11, 13, 14, 13, 14, 12, 10, 13], [13, 15, 13, 11, 13, 14, 13, 14, 12, 10, 13], [13, 15, 13, 11, 13, 14, 13, 14, 12, 10, 13], [13, 15, 13, 11, 13, 14, 13, 14, 12, 10, 13], [13, 15, 13, 11, 13, 14, 13, 14, 12, 10, 13], [13, 15, 13, 11, 13, 14, 13, 14, 12, 10, 13], [13, 15, 13, 11, 13, 14, 13, 14, 12, 10, 13], [13, 15, 13, 11, 13, 14, 13, 14, 12, 10, 13], [13, 15, 13, 11, 13, 14, 13, 14, 12, 10, 13], [13, 15, 13, 11, 13, 14, 13, 14, 12, 10, 13], [12, 13, 16, 11, 13, 14, 12, 15, 12, 15, 10], [12, 13, 16, 11, 13, 14, 12, 15, 12, 15, 10], [12, 13, 16, 11, 13, 14, 12, 15, 12, 15, 10], [12, 13, 16, 11, 13, 14, 12, 15, 12, 15, 10], [12, 13, 16, 11, 13, 14, 12, 15, 12, 15, 10], [12, 13, 16, 11, 13, 14, 12, 15, 12, 15, 10]], ÍÓÎ-‚Ó: 39
ÕŒ¬€≈ œŒ ŒÀ≈Õ»ﬂ π9: [[13, 15, 13, 11, 13, 14, 13, 14, 12, 10, 13], [13, 15, 13, 11, 13, 14, 13, 14, 12, 10, 13], [13, 15, 13, 11, 13, 14, 13, 14, 12, 10, 13], [13, 15, 13, 11, 13, 14, 13, 14, 12, 10, 13], [13, 15, 13, 11, 13, 14, 13, 14, 12, 10, 13], [13, 15, 13, 11, 13, 14, 13, 14, 12, 10, 13], [13, 15, 13, 11, 13, 14, 13, 14, 12, 10, 13], [13, 15, 13, 11, 13, 14, 13, 14, 12, 10, 13], [13, 15, 13, 11, 13, 14, 13, 14, 12, 10, 13], [13, 15, 13, 11, 13, 14, 13, 14, 12, 10, 13], [13, 15, 13, 11, 13, 14, 13, 14, 12, 10, 13], [13, 15, 13, 11, 13, 14, 13, 14, 12, 10, 13], [13, 15, 13, 11, 13, 14, 13, 14, 12, 10, 13], [13, 15, 13, 11, 13, 14, 13, 14, 12, 10, 13], [13, 15, 13, 11, 13, 14, 13, 14, 12, 10, 13], [13, 15, 13, 11, 13, 14, 13, 14, 12, 10, 13], [13, 15, 13, 11, 13, 14, 13, 14, 12, 10, 13], [13, 15, 13, 11, 13, 14, 13, 14, 12, 10, 13], [13, 15, 13, 11, 13, 14, 13, 14, 12, 10, 13]]
ÕŒ¬€≈ œŒ ŒÀ≈Õ»ﬂ ‘≈ÕŒ“»œ€ π9: [[81, 93, 202, 41, 29, 142, 181, 108, 211, 28, 186], [81, 93, 202, 41, 29, 142, 181, 108, 211, 28, 186], [81, 93, 206, 41, 29, 142, 181, 108, 211, 28, 184], [81, 93, 206, 41, 29, 142, 181, 108, 211, 28, 184], [81, 93, 206, 41, 29, 142, 181, 108, 211, 28, 184], [81, 93, 206, 41, 29, 142, 181, 108, 211, 28, 184], [80, 93, 206, 45, 29, 142, 181, 108, 211, 28, 186], [80, 93, 206, 45, 29, 142, 181, 108, 211, 28, 186], [80, 93, 206, 45, 29, 142, 181, 108, 211, 28, 186], [80, 93, 206, 45, 29, 142, 181, 108, 211, 28, 186], [80, 93, 206, 45, 29, 142, 181, 108, 211, 28, 186], [80, 93, 206, 45, 29, 142, 181, 108, 211, 28, 186], [81, 93, 206, 40, 29, 142, 181, 124, 211, 28, 186], [81, 93, 206, 40, 29, 142, 181, 124, 211, 28, 186], [81, 93, 206, 40, 29, 142, 181, 124, 211, 28, 186], [81, 93, 206, 40, 29, 142, 181, 124, 211, 28, 186], [81, 93, 206, 40, 29, 142, 181, 124, 211, 28, 186], [81, 93, 206, 41, 29, 142, 181, 108, 211, 28, 186], [81, 93, 206, 41, 29, 142, 181, 108, 211, 28, 186]]
ÕŒ¬€≈ œŒ ŒÀ≈Õ»ﬂ œ–»—œŒ—Œ¡À≈ÕÕŒ—“‹ π9: [34, 34, 34, 34, 34, 34, 34, 34, 34, 34, 34, 34, 34, 34, 34, 34, 34, 34, 34]
ÀÛ˜¯ËÈ ÔÓÚÓÏÓÍ: 34, ÎÛ˜¯ËÈ ÔÓÚÓÏÓÍ ËÁ ÔÓÍÓÎÂÌËˇ π9: 34, ÍÓÎ-‚Ó ÔÓ‚ÚÓÂÌËÈ: 3
ÕŒ¬€≈ œŒ ŒÀ≈Õ»ﬂ ƒŒ —Œ–“»–Œ¬ »: [[13, 15, 13, 11, 13, 14, 13, 14, 12, 10, 13], [13, 15, 13, 11, 13, 14, 13, 14, 12, 10, 13], [13, 15, 13, 11, 13, 14, 13, 14, 12, 10, 13], [13, 15, 13, 11, 13, 14, 13, 14, 12, 10, 13], [13, 15, 13, 11, 13, 14, 13, 14, 12, 10, 13], [13, 15, 13, 11, 13, 14, 13, 14, 12, 10, 13], [13, 15, 13, 11, 13, 14, 13, 14, 12, 10, 13], [13, 15, 13, 11, 13, 14, 13, 14, 12, 10, 13], [13, 15, 13, 11, 13, 14, 13, 14, 12, 10, 13], [13, 15, 13, 11, 13, 14, 13, 14, 12, 10, 13], [13, 15, 13, 11, 13, 14, 13, 14, 12, 10, 13], [13, 15, 13, 11, 13, 14, 13, 14, 12, 10, 13], [13, 15, 13, 11, 13, 14, 13, 14, 12, 10, 13], [13, 15, 13, 11, 13, 14, 13, 14, 12, 10, 13], [13, 15, 13, 11, 13, 14, 13, 14, 12, 10, 13], [13, 15, 13, 11, 13, 14, 13, 14, 12, 10, 13], [13, 15, 13, 11, 13, 14, 13, 14, 12, 10, 13], [13, 15, 13, 11, 13, 14, 13, 14, 12, 10, 13], [13, 15, 13, 11, 13, 14, 13, 14, 12, 10, 13], [13, 15, 13, 11, 13, 14, 13, 14, 12, 10, 13], [13, 15, 13, 11, 13, 14, 13, 14, 12, 10, 13], [13, 15, 13, 11, 13, 14, 13, 14, 12, 10, 13], [13, 15, 13, 11, 13, 14, 13, 14, 12, 10, 13], [13, 15, 13, 11, 13, 14, 13, 14, 12, 10, 13], [13, 15, 13, 11, 13, 14, 13, 14, 12, 10, 13], [13, 15, 13, 11, 13, 14, 13, 14, 12, 10, 13], [13, 15, 13, 11, 13, 14, 13, 14, 12, 10, 13], [13, 15, 13, 11, 13, 14, 13, 14, 12, 10, 13], [13, 15, 13, 11, 13, 14, 13, 14, 12, 10, 13], [13, 15, 13, 11, 13, 14, 13, 14, 12, 10, 13], [13, 15, 13, 11, 13, 14, 13, 14, 12, 10, 13], [13, 15, 13, 11, 13, 14, 13, 14, 12, 10, 13], [13, 15, 13, 11, 13, 14, 13, 14, 12, 10, 13], [13, 15, 13, 11, 13, 14, 13, 14, 12, 10, 13], [13, 15, 13, 11, 13, 14, 13, 14, 12, 10, 13], [13, 15, 13, 11, 13, 14, 13, 14, 12, 10, 13], [13, 15, 13, 11, 13, 14, 13, 14, 12, 10, 13], [13, 15, 13, 11, 13, 14, 13, 14, 12, 10, 13], [13, 15, 13, 11, 13, 14, 13, 14, 12, 10, 13]], ÍÓÎ-‚Ó: 39
ÕŒ¬€≈ œŒ ŒÀ≈Õ»ﬂ π10: [[13, 15, 13, 11, 13, 14, 13, 14, 12, 10, 13], [13, 15, 13, 11, 13, 14, 13, 14, 12, 10, 13], [13, 15, 13, 11, 13, 14, 13, 14, 12, 10, 13], [13, 15, 13, 11, 13, 14, 13, 14, 12, 10, 13], [13, 15, 13, 11, 13, 14, 13, 14, 12, 10, 13], [13, 15, 13, 11, 13, 14, 13, 14, 12, 10, 13], [13, 15, 13, 11, 13, 14, 13, 14, 12, 10, 13], [13, 15, 13, 11, 13, 14, 13, 14, 12, 10, 13], [13, 15, 13, 11, 13, 14, 13, 14, 12, 10, 13], [13, 15, 13, 11, 13, 14, 13, 14, 12, 10, 13], [13, 15, 13, 11, 13, 14, 13, 14, 12, 10, 13], [13, 15, 13, 11, 13, 14, 13, 14, 12, 10, 13], [13, 15, 13, 11, 13, 14, 13, 14, 12, 10, 13], [13, 15, 13, 11, 13, 14, 13, 14, 12, 10, 13], [13, 15, 13, 11, 13, 14, 13, 14, 12, 10, 13], [13, 15, 13, 11, 13, 14, 13, 14, 12, 10, 13], [13, 15, 13, 11, 13, 14, 13, 14, 12, 10, 13], [13, 15, 13, 11, 13, 14, 13, 14, 12, 10, 13], [13, 15, 13, 11, 13, 14, 13, 14, 12, 10, 13]]
ÕŒ¬€≈ œŒ ŒÀ≈Õ»ﬂ ‘≈ÕŒ“»œ€ π10: [[81, 93, 202, 41, 29, 142, 181, 108, 211, 28, 186], [81, 93, 202, 41, 29, 142, 181, 108, 211, 28, 186], [81, 93, 206, 41, 29, 142, 181, 108, 211, 28, 184], [81, 93, 206, 41, 29, 142, 181, 108, 211, 28, 184], [81, 93, 206, 41, 29, 142, 181, 108, 211, 28, 184], [81, 93, 206, 41, 29, 142, 181, 108, 211, 28, 184], [80, 93, 206, 45, 29, 142, 181, 108, 211, 28, 186], [80, 93, 206, 45, 29, 142, 181, 108, 211, 28, 186], [80, 93, 206, 45, 29, 142, 181, 108, 211, 28, 186], [80, 93, 206, 45, 29, 142, 181, 108, 211, 28, 186], [80, 93, 206, 45, 29, 142, 181, 108, 211, 28, 186], [80, 93, 206, 45, 29, 142, 181, 108, 211, 28, 186], [81, 93, 206, 40, 29, 142, 181, 124, 211, 28, 186], [81, 93, 206, 40, 29, 142, 181, 124, 211, 28, 186], [81, 93, 206, 40, 29, 142, 181, 124, 211, 28, 186], [81, 93, 206, 40, 29, 142, 181, 124, 211, 28, 186], [81, 93, 206, 40, 29, 142, 181, 124, 211, 28, 186], [81, 93, 206, 41, 29, 142, 181, 108, 211, 28, 186], [81, 93, 206, 41, 29, 142, 181, 108, 211, 28, 186]]
ÕŒ¬€≈ œŒ ŒÀ≈Õ»ﬂ œ–»—œŒ—Œ¡À≈ÕÕŒ—“‹ π10: [34, 34, 34, 34, 34, 34, 34, 34, 34, 34, 34, 34, 34, 34, 34, 34, 34, 34, 34]
ÀÛ˜¯ËÈ ÔÓÚÓÏÓÍ: 34, ÎÛ˜¯ËÈ ÔÓÚÓÏÓÍ ËÁ ÔÓÍÓÎÂÌËˇ π10: 34, ÍÓÎ-‚Ó ÔÓ‚ÚÓÂÌËÈ: 4
ÕŒ¬€≈ œŒ ŒÀ≈Õ»ﬂ ƒŒ —Œ–“»–Œ¬ »: [[13, 15, 13, 11, 13, 14, 13, 14, 12, 10, 13], [13, 15, 13, 11, 13, 14, 13, 14, 12, 10, 13], [13, 15, 13, 11, 13, 14, 13, 14, 12, 10, 13], [13, 15, 13, 11, 13, 14, 13, 14, 12, 10, 13], [13, 15, 13, 11, 13, 14, 13, 14, 12, 10, 13], [13, 15, 13, 11, 13, 14, 13, 14, 12, 10, 13], [13, 15, 13, 11, 13, 14, 13, 14, 12, 10, 13], [13, 15, 13, 11, 13, 14, 13, 14, 12, 10, 13], [13, 15, 13, 11, 13, 14, 13, 14, 12, 10, 13], [13, 15, 13, 11, 13, 14, 13, 14, 12, 10, 13], [13, 15, 13, 11, 13, 14, 13, 14, 12, 10, 13], [13, 15, 13, 11, 13, 14, 13, 14, 12, 10, 13], [13, 15, 13, 11, 13, 14, 13, 14, 12, 10, 13], [13, 15, 13, 11, 13, 14, 13, 14, 12, 10, 13], [13, 15, 13, 11, 13, 14, 13, 14, 12, 10, 13], [13, 15, 13, 11, 13, 14, 13, 14, 12, 10, 13], [13, 15, 13, 11, 13, 14, 13, 14, 12, 10, 13], [13, 15, 13, 11, 13, 14, 13, 14, 12, 10, 13], [13, 15, 13, 11, 13, 14, 13, 14, 12, 10, 13], [13, 15, 13, 11, 13, 14, 13, 14, 12, 10, 13], [13, 15, 13, 11, 13, 14, 13, 14, 12, 10, 13], [13, 15, 13, 11, 13, 14, 13, 14, 12, 10, 13], [13, 15, 13, 11, 13, 14, 13, 14, 12, 10, 13], [13, 15, 13, 11, 13, 14, 13, 14, 12, 10, 13], [13, 15, 13, 11, 13, 14, 13, 14, 12, 10, 13], [13, 15, 13, 11, 13, 14, 13, 14, 12, 10, 13], [13, 15, 13, 11, 13, 14, 13, 14, 12, 10, 13], [13, 15, 13, 11, 13, 14, 13, 14, 12, 10, 13], [13, 15, 13, 11, 13, 14, 13, 14, 12, 10, 13], [13, 15, 13, 11, 13, 14, 13, 14, 12, 10, 13], [13, 15, 13, 11, 13, 14, 13, 14, 12, 10, 13], [13, 15, 13, 11, 13, 14, 13, 14, 12, 10, 13], [13, 15, 13, 11, 13, 14, 13, 14, 12, 10, 13], [13, 15, 13, 11, 13, 14, 13, 14, 12, 10, 13], [13, 15, 13, 11, 13, 14, 13, 14, 12, 10, 13], [13, 15, 13, 11, 13, 14, 13, 14, 12, 10, 13], [13, 15, 13, 11, 13, 14, 13, 14, 12, 10, 13], [13, 15, 13, 11, 13, 14, 13, 14, 12, 10, 13], [13, 15, 13, 11, 13, 14, 13, 14, 12, 10, 13]], ÍÓÎ-‚Ó: 39
ÕŒ¬€≈ œŒ ŒÀ≈Õ»ﬂ π11: [[13, 15, 13, 11, 13, 14, 13, 14, 12, 10, 13], [13, 15, 13, 11, 13, 14, 13, 14, 12, 10, 13], [13, 15, 13, 11, 13, 14, 13, 14, 12, 10, 13], [13, 15, 13, 11, 13, 14, 13, 14, 12, 10, 13], [13, 15, 13, 11, 13, 14, 13, 14, 12, 10, 13], [13, 15, 13, 11, 13, 14, 13, 14, 12, 10, 13], [13, 15, 13, 11, 13, 14, 13, 14, 12, 10, 13], [13, 15, 13, 11, 13, 14, 13, 14, 12, 10, 13], [13, 15, 13, 11, 13, 14, 13, 14, 12, 10, 13], [13, 15, 13, 11, 13, 14, 13, 14, 12, 10, 13], [13, 15, 13, 11, 13, 14, 13, 14, 12, 10, 13], [13, 15, 13, 11, 13, 14, 13, 14, 12, 10, 13], [13, 15, 13, 11, 13, 14, 13, 14, 12, 10, 13], [13, 15, 13, 11, 13, 14, 13, 14, 12, 10, 13], [13, 15, 13, 11, 13, 14, 13, 14, 12, 10, 13], [13, 15, 13, 11, 13, 14, 13, 14, 12, 10, 13], [13, 15, 13, 11, 13, 14, 13, 14, 12, 10, 13], [13, 15, 13, 11, 13, 14, 13, 14, 12, 10, 13], [13, 15, 13, 11, 13, 14, 13, 14, 12, 10, 13]]
ÕŒ¬€≈ œŒ ŒÀ≈Õ»ﬂ ‘≈ÕŒ“»œ€ π11: [[81, 93, 202, 41, 29, 142, 181, 108, 211, 28, 186], [81, 93, 202, 41, 29, 142, 181, 108, 211, 28, 186], [81, 93, 206, 41, 29, 142, 181, 108, 211, 28, 184], [81, 93, 206, 41, 29, 142, 181, 108, 211, 28, 184], [81, 93, 206, 41, 29, 142, 181, 108, 211, 28, 184], [81, 93, 206, 41, 29, 142, 181, 108, 211, 28, 184], [80, 93, 206, 45, 29, 142, 181, 108, 211, 28, 186], [80, 93, 206, 45, 29, 142, 181, 108, 211, 28, 186], [80, 93, 206, 45, 29, 142, 181, 108, 211, 28, 186], [80, 93, 206, 45, 29, 142, 181, 108, 211, 28, 186], [80, 93, 206, 45, 29, 142, 181, 108, 211, 28, 186], [80, 93, 206, 45, 29, 142, 181, 108, 211, 28, 186], [81, 93, 206, 40, 29, 142, 181, 124, 211, 28, 186], [81, 93, 206, 40, 29, 142, 181, 124, 211, 28, 186], [81, 93, 206, 40, 29, 142, 181, 124, 211, 28, 186], [81, 93, 206, 40, 29, 142, 181, 124, 211, 28, 186], [81, 93, 206, 40, 29, 142, 181, 124, 211, 28, 186], [81, 93, 206, 41, 29, 142, 181, 108, 211, 28, 186], [81, 93, 206, 41, 29, 142, 181, 108, 211, 28, 186]]
ÕŒ¬€≈ œŒ ŒÀ≈Õ»ﬂ œ–»—œŒ—Œ¡À≈ÕÕŒ—“‹ π11: [34, 34, 34, 34, 34, 34, 34, 34, 34, 34, 34, 34, 34, 34, 34, 34, 34, 34, 34]
ÀÛ˜¯ËÈ ÔÓÚÓÏÓÍ: 34, ÎÛ˜¯ËÈ ÔÓÚÓÏÓÍ ËÁ ÔÓÍÓÎÂÌËˇ π11: 34, ÍÓÎ-‚Ó ÔÓ‚ÚÓÂÌËÈ: 5
ÕŒ¬€≈ œŒ ŒÀ≈Õ»ﬂ ƒŒ —Œ–“»–Œ¬ »: [[13, 15, 13, 11, 13, 14, 13, 14, 12, 10, 13], [13, 15, 13, 11, 13, 14, 13, 14, 12, 10, 13], [13, 15, 13, 11, 13, 14, 13, 14, 12, 10, 13], [13, 15, 13, 11, 13, 14, 13, 14, 12, 10, 13], [13, 15, 13, 11, 13, 14, 13, 14, 12, 10, 13], [13, 15, 13, 11, 13, 14, 13, 14, 12, 10, 13], [13, 15, 13, 11, 13, 14, 13, 14, 12, 10, 13], [13, 15, 13, 11, 13, 14, 13, 14, 12, 10, 13], [13, 15, 13, 11, 13, 14, 13, 14, 12, 10, 13], [13, 15, 13, 11, 13, 14, 13, 14, 12, 10, 13], [13, 15, 13, 11, 13, 14, 13, 14, 12, 10, 13], [13, 15, 13, 11, 13, 14, 13, 14, 12, 10, 13], [13, 15, 13, 11, 13, 14, 13, 14, 12, 10, 13], [13, 15, 13, 11, 13, 14, 13, 14, 12, 10, 13], [13, 15, 13, 11, 13, 14, 13, 14, 12, 10, 13], [13, 15, 13, 11, 13, 14, 13, 14, 12, 10, 13], [13, 15, 13, 11, 13, 14, 13, 14, 12, 10, 13], [13, 15, 13, 11, 13, 14, 13, 14, 12, 10, 13], [13, 15, 13, 11, 13, 14, 13, 14, 12, 10, 13], [13, 15, 13, 11, 13, 14, 13, 14, 12, 10, 13], [13, 15, 13, 11, 13, 14, 13, 14, 12, 10, 13], [13, 15, 13, 11, 13, 14, 13, 14, 12, 10, 13], [13, 15, 13, 11, 13, 14, 13, 14, 12, 10, 13], [13, 15, 13, 11, 13, 14, 13, 14, 12, 10, 13], [13, 15, 13, 11, 13, 14, 13, 14, 12, 10, 13], [13, 15, 13, 11, 13, 14, 13, 14, 12, 10, 13], [13, 15, 13, 11, 13, 14, 13, 14, 12, 10, 13], [13, 15, 13, 11, 13, 14, 13, 14, 12, 10, 13], [13, 15, 13, 11, 13, 14, 13, 14, 12, 10, 13], [13, 15, 13, 11, 13, 14, 13, 14, 12, 10, 13], [13, 15, 13, 11, 13, 14, 13, 14, 12, 10, 13], [13, 15, 13, 11, 13, 14, 13, 14, 12, 10, 13], [13, 15, 13, 11, 13, 14, 13, 14, 12, 10, 13], [13, 15, 13, 11, 13, 14, 13, 14, 12, 10, 13], [13, 15, 13, 11, 13, 14, 13, 14, 12, 10, 13], [13, 15, 13, 11, 13, 14, 13, 14, 12, 10, 13], [13, 15, 13, 11, 13, 14, 13, 14, 12, 10, 13], [13, 15, 13, 11, 13, 14, 13, 14, 12, 10, 13], [13, 15, 13, 11, 13, 14, 13, 14, 12, 10, 13]], ÍÓÎ-‚Ó: 39
ÕŒ¬€≈ œŒ ŒÀ≈Õ»ﬂ π12: [[13, 15, 13, 11, 13, 14, 13, 14, 12, 10, 13], [13, 15, 13, 11, 13, 14, 13, 14, 12, 10, 13], [13, 15, 13, 11, 13, 14, 13, 14, 12, 10, 13], [13, 15, 13, 11, 13, 14, 13, 14, 12, 10, 13], [13, 15, 13, 11, 13, 14, 13, 14, 12, 10, 13], [13, 15, 13, 11, 13, 14, 13, 14, 12, 10, 13], [13, 15, 13, 11, 13, 14, 13, 14, 12, 10, 13], [13, 15, 13, 11, 13, 14, 13, 14, 12, 10, 13], [13, 15, 13, 11, 13, 14, 13, 14, 12, 10, 13], [13, 15, 13, 11, 13, 14, 13, 14, 12, 10, 13], [13, 15, 13, 11, 13, 14, 13, 14, 12, 10, 13], [13, 15, 13, 11, 13, 14, 13, 14, 12, 10, 13], [13, 15, 13, 11, 13, 14, 13, 14, 12, 10, 13], [13, 15, 13, 11, 13, 14, 13, 14, 12, 10, 13], [13, 15, 13, 11, 13, 14, 13, 14, 12, 10, 13], [13, 15, 13, 11, 13, 14, 13, 14, 12, 10, 13], [13, 15, 13, 11, 13, 14, 13, 14, 12, 10, 13], [13, 15, 13, 11, 13, 14, 13, 14, 12, 10, 13], [13, 15, 13, 11, 13, 14, 13, 14, 12, 10, 13]]
ÕŒ¬€≈ œŒ ŒÀ≈Õ»ﬂ ‘≈ÕŒ“»œ€ π12: [[81, 93, 202, 41, 29, 142, 181, 108, 211, 28, 186], [81, 93, 202, 41, 29, 142, 181, 108, 211, 28, 186], [81, 93, 206, 41, 29, 142, 181, 108, 211, 28, 184], [81, 93, 206, 41, 29, 142, 181, 108, 211, 28, 184], [81, 93, 206, 41, 29, 142, 181, 108, 211, 28, 184], [81, 93, 206, 41, 29, 142, 181, 108, 211, 28, 184], [80, 93, 206, 45, 29, 142, 181, 108, 211, 28, 186], [80, 93, 206, 45, 29, 142, 181, 108, 211, 28, 186], [80, 93, 206, 45, 29, 142, 181, 108, 211, 28, 186], [80, 93, 206, 45, 29, 142, 181, 108, 211, 28, 186], [80, 93, 206, 45, 29, 142, 181, 108, 211, 28, 186], [80, 93, 206, 45, 29, 142, 181, 108, 211, 28, 186], [81, 93, 206, 40, 29, 142, 181, 124, 211, 28, 186], [81, 93, 206, 40, 29, 142, 181, 124, 211, 28, 186], [81, 93, 206, 40, 29, 142, 181, 124, 211, 28, 186], [81, 93, 206, 40, 29, 142, 181, 124, 211, 28, 186], [81, 93, 206, 40, 29, 142, 181, 124, 211, 28, 186], [81, 93, 206, 41, 29, 142, 181, 108, 211, 28, 186], [81, 93, 206, 41, 29, 142, 181, 108, 211, 28, 186]]
ÕŒ¬€≈ œŒ ŒÀ≈Õ»ﬂ œ–»—œŒ—Œ¡À≈ÕÕŒ—“‹ π12: [34, 34, 34, 34, 34, 34, 34, 34, 34, 34, 34, 34, 34, 34, 34, 34, 34, 34, 34]
ÀÛ˜¯ËÈ ÔÓÚÓÏÓÍ: 34, ÎÛ˜¯ËÈ ÔÓÚÓÏÓÍ ËÁ ÔÓÍÓÎÂÌËˇ π12: 34, ÍÓÎ-‚Ó ÔÓ‚ÚÓÂÌËÈ: 6
ÕŒ¬€≈ œŒ ŒÀ≈Õ»ﬂ ƒŒ —Œ–“»–Œ¬ »: [[13, 15, 13, 11, 13, 14, 13, 14, 12, 10, 13], [13, 15, 13, 11, 13, 14, 13, 14, 12, 10, 13], [13, 15, 13, 11, 13, 14, 13, 14, 12, 10, 13], [13, 15, 13, 11, 13, 14, 13, 14, 12, 10, 13], [13, 15, 13, 11, 13, 14, 13, 14, 12, 10, 13], [13, 15, 13, 11, 13, 14, 13, 14, 12, 10, 13], [13, 15, 13, 11, 13, 14, 13, 14, 12, 10, 13], [13, 15, 13, 11, 13, 14, 13, 14, 12, 10, 13], [13, 15, 13, 11, 13, 14, 13, 14, 12, 10, 13], [13, 15, 13, 11, 13, 14, 13, 14, 12, 10, 13], [13, 15, 13, 11, 13, 14, 13, 14, 12, 10, 13], [13, 15, 13, 11, 13, 14, 13, 14, 12, 10, 13], [13, 15, 13, 11, 13, 14, 13, 14, 12, 10, 13], [13, 15, 13, 11, 13, 14, 13, 14, 12, 10, 13], [13, 15, 13, 11, 13, 14, 13, 14, 12, 10, 13], [13, 15, 13, 11, 13, 14, 13, 14, 12, 10, 13], [13, 15, 13, 11, 13, 14, 13, 14, 12, 10, 13], [13, 15, 13, 11, 13, 14, 13, 14, 12, 10, 13], [13, 15, 13, 11, 13, 14, 13, 14, 12, 10, 13], [13, 15, 13, 11, 13, 14, 13, 14, 12, 10, 13], [13, 15, 13, 11, 13, 14, 13, 14, 12, 10, 13], [13, 15, 13, 11, 13, 14, 13, 14, 12, 10, 13], [13, 15, 13, 11, 13, 14, 13, 14, 12, 10, 13], [13, 15, 13, 11, 13, 14, 13, 14, 12, 10, 13], [13, 15, 13, 11, 13, 14, 13, 14, 12, 10, 13], [13, 15, 13, 11, 13, 14, 13, 14, 12, 10, 13], [13, 15, 13, 11, 13, 14, 13, 14, 12, 10, 13], [13, 15, 13, 11, 13, 14, 13, 14, 12, 10, 13], [13, 15, 13, 11, 13, 14, 13, 14, 12, 10, 13], [13, 15, 13, 11, 13, 14, 13, 14, 12, 10, 13], [13, 15, 13, 11, 13, 14, 13, 14, 12, 10, 13], [13, 15, 13, 11, 13, 14, 13, 14, 12, 10, 13], [13, 15, 13, 11, 13, 14, 13, 14, 12, 10, 13], [13, 15, 13, 11, 13, 14, 13, 14, 12, 10, 13], [13, 15, 13, 11, 13, 14, 13, 14, 12, 10, 13], [13, 15, 13, 11, 13, 14, 13, 14, 12, 10, 13], [13, 15, 13, 11, 13, 14, 13, 14, 12, 10, 13], [13, 15, 13, 11, 13, 14, 13, 14, 12, 10, 13], [13, 15, 13, 11, 13, 14, 13, 14, 12, 10, 13]], ÍÓÎ-‚Ó: 39
ÕŒ¬€≈ œŒ ŒÀ≈Õ»ﬂ π13: [[13, 15, 13, 11, 13, 14, 13, 14, 12, 10, 13], [13, 15, 13, 11, 13, 14, 13, 14, 12, 10, 13], [13, 15, 13, 11, 13, 14, 13, 14, 12, 10, 13], [13, 15, 13, 11, 13, 14, 13, 14, 12, 10, 13], [13, 15, 13, 11, 13, 14, 13, 14, 12, 10, 13], [13, 15, 13, 11, 13, 14, 13, 14, 12, 10, 13], [13, 15, 13, 11, 13, 14, 13, 14, 12, 10, 13], [13, 15, 13, 11, 13, 14, 13, 14, 12, 10, 13], [13, 15, 13, 11, 13, 14, 13, 14, 12, 10, 13], [13, 15, 13, 11, 13, 14, 13, 14, 12, 10, 13], [13, 15, 13, 11, 13, 14, 13, 14, 12, 10, 13], [13, 15, 13, 11, 13, 14, 13, 14, 12, 10, 13], [13, 15, 13, 11, 13, 14, 13, 14, 12, 10, 13], [13, 15, 13, 11, 13, 14, 13, 14, 12, 10, 13], [13, 15, 13, 11, 13, 14, 13, 14, 12, 10, 13], [13, 15, 13, 11, 13, 14, 13, 14, 12, 10, 13], [13, 15, 13, 11, 13, 14, 13, 14, 12, 10, 13], [13, 15, 13, 11, 13, 14, 13, 14, 12, 10, 13], [13, 15, 13, 11, 13, 14, 13, 14, 12, 10, 13]]
ÕŒ¬€≈ œŒ ŒÀ≈Õ»ﬂ ‘≈ÕŒ“»œ€ π13: [[81, 93, 202, 41, 29, 142, 181, 108, 211, 28, 186], [81, 93, 202, 41, 29, 142, 181, 108, 211, 28, 186], [81, 93, 206, 41, 29, 142, 181, 108, 211, 28, 184], [81, 93, 206, 41, 29, 142, 181, 108, 211, 28, 184], [81, 93, 206, 41, 29, 142, 181, 108, 211, 28, 184], [81, 93, 206, 41, 29, 142, 181, 108, 211, 28, 184], [80, 93, 206, 45, 29, 142, 181, 108, 211, 28, 186], [80, 93, 206, 45, 29, 142, 181, 108, 211, 28, 186], [80, 93, 206, 45, 29, 142, 181, 108, 211, 28, 186], [80, 93, 206, 45, 29, 142, 181, 108, 211, 28, 186], [80, 93, 206, 45, 29, 142, 181, 108, 211, 28, 186], [80, 93, 206, 45, 29, 142, 181, 108, 211, 28, 186], [81, 93, 206, 40, 29, 142, 181, 124, 211, 28, 186], [81, 93, 206, 40, 29, 142, 181, 124, 211, 28, 186], [81, 93, 206, 40, 29, 142, 181, 124, 211, 28, 186], [81, 93, 206, 40, 29, 142, 181, 124, 211, 28, 186], [81, 93, 206, 40, 29, 142, 181, 124, 211, 28, 186], [81, 93, 206, 41, 29, 142, 181, 108, 211, 28, 186], [81, 93, 206, 41, 29, 142, 181, 108, 211, 28, 186]]
ÕŒ¬€≈ œŒ ŒÀ≈Õ»ﬂ œ–»—œŒ—Œ¡À≈ÕÕŒ—“‹ π13: [34, 34, 34, 34, 34, 34, 34, 34, 34, 34, 34, 34, 34, 34, 34, 34, 34, 34, 34]
ÀÛ˜¯ËÈ ÔÓÚÓÏÓÍ: 34, ÎÛ˜¯ËÈ ÔÓÚÓÏÓÍ ËÁ ÔÓÍÓÎÂÌËˇ π13: 34, ÍÓÎ-‚Ó ÔÓ‚ÚÓÂÌËÈ: 7
ÕŒ¬€≈ œŒ ŒÀ≈Õ»ﬂ ƒŒ —Œ–“»–Œ¬ »: [[13, 15, 13, 11, 13, 14, 13, 14, 12, 10, 13], [13, 15, 13, 11, 13, 14, 13, 14, 12, 10, 13], [13, 15, 13, 11, 13, 14, 13, 14, 12, 10, 13], [13, 15, 13, 11, 13, 14, 13, 14, 12, 10, 13], [13, 15, 13, 11, 13, 14, 13, 14, 12, 10, 13], [13, 15, 13, 11, 13, 14, 13, 14, 12, 10, 13], [13, 15, 13, 11, 13, 14, 13, 14, 12, 10, 13], [13, 15, 13, 11, 13, 14, 13, 14, 12, 10, 13], [13, 15, 13, 11, 13, 14, 13, 14, 12, 10, 13], [13, 15, 13, 11, 13, 14, 13, 14, 12, 10, 13], [13, 15, 13, 11, 13, 14, 13, 14, 12, 10, 13], [13, 15, 13, 11, 13, 14, 13, 14, 12, 10, 13], [13, 15, 13, 11, 13, 14, 13, 14, 12, 10, 13], [13, 15, 13, 11, 13, 14, 13, 14, 12, 10, 13], [13, 15, 13, 11, 13, 14, 13, 14, 12, 10, 13], [13, 15, 13, 11, 13, 14, 13, 14, 12, 10, 13], [13, 15, 13, 11, 13, 14, 13, 14, 12, 10, 13], [13, 15, 13, 11, 13, 14, 13, 14, 12, 10, 13], [13, 15, 13, 11, 13, 14, 13, 14, 12, 10, 13], [13, 15, 13, 11, 13, 14, 13, 14, 12, 10, 13], [13, 15, 13, 11, 13, 14, 13, 14, 12, 10, 13], [13, 15, 13, 11, 13, 14, 13, 14, 12, 10, 13], [13, 15, 13, 11, 13, 14, 13, 14, 12, 10, 13], [13, 15, 13, 11, 13, 14, 13, 14, 12, 10, 13], [13, 15, 13, 11, 13, 14, 13, 14, 12, 10, 13], [13, 15, 13, 11, 13, 14, 13, 14, 12, 10, 13], [13, 15, 13, 11, 13, 14, 13, 14, 12, 10, 13], [13, 15, 13, 11, 13, 14, 13, 14, 12, 10, 13], [13, 15, 13, 11, 13, 14, 13, 14, 12, 10, 13], [13, 15, 13, 11, 13, 14, 13, 14, 12, 10, 13], [13, 15, 13, 11, 13, 14, 13, 14, 12, 10, 13], [13, 15, 13, 11, 13, 14, 13, 14, 12, 10, 13], [13, 15, 13, 11, 13, 14, 13, 14, 12, 10, 13], [13, 15, 13, 11, 13, 14, 13, 14, 12, 10, 13], [13, 15, 13, 11, 13, 14, 13, 14, 12, 10, 13], [13, 15, 13, 11, 13, 14, 13, 14, 12, 10, 13], [13, 15, 13, 11, 13, 14, 13, 14, 12, 10, 13], [13, 15, 13, 11, 13, 14, 13, 14, 12, 10, 13], [13, 15, 13, 11, 13, 14, 13, 14, 12, 10, 13]], ÍÓÎ-‚Ó: 39
ÕŒ¬€≈ œŒ ŒÀ≈Õ»ﬂ π14: [[13, 15, 13, 11, 13, 14, 13, 14, 12, 10, 13], [13, 15, 13, 11, 13, 14, 13, 14, 12, 10, 13], [13, 15, 13, 11, 13, 14, 13, 14, 12, 10, 13], [13, 15, 13, 11, 13, 14, 13, 14, 12, 10, 13], [13, 15, 13, 11, 13, 14, 13, 14, 12, 10, 13], [13, 15, 13, 11, 13, 14, 13, 14, 12, 10, 13], [13, 15, 13, 11, 13, 14, 13, 14, 12, 10, 13], [13, 15, 13, 11, 13, 14, 13, 14, 12, 10, 13], [13, 15, 13, 11, 13, 14, 13, 14, 12, 10, 13], [13, 15, 13, 11, 13, 14, 13, 14, 12, 10, 13], [13, 15, 13, 11, 13, 14, 13, 14, 12, 10, 13], [13, 15, 13, 11, 13, 14, 13, 14, 12, 10, 13], [13, 15, 13, 11, 13, 14, 13, 14, 12, 10, 13], [13, 15, 13, 11, 13, 14, 13, 14, 12, 10, 13], [13, 15, 13, 11, 13, 14, 13, 14, 12, 10, 13], [13, 15, 13, 11, 13, 14, 13, 14, 12, 10, 13], [13, 15, 13, 11, 13, 14, 13, 14, 12, 10, 13], [13, 15, 13, 11, 13, 14, 13, 14, 12, 10, 13], [13, 15, 13, 11, 13, 14, 13, 14, 12, 10, 13]]
ÕŒ¬€≈ œŒ ŒÀ≈Õ»ﬂ ‘≈ÕŒ“»œ€ π14: [[81, 93, 202, 41, 29, 142, 181, 108, 211, 28, 186], [81, 93, 202, 41, 29, 142, 181, 108, 211, 28, 186], [81, 93, 206, 41, 29, 142, 181, 108, 211, 28, 184], [81, 93, 206, 41, 29, 142, 181, 108, 211, 28, 184], [81, 93, 206, 41, 29, 142, 181, 108, 211, 28, 184], [81, 93, 206, 41, 29, 142, 181, 108, 211, 28, 184], [80, 93, 206, 45, 29, 142, 181, 108, 211, 28, 186], [80, 93, 206, 45, 29, 142, 181, 108, 211, 28, 186], [80, 93, 206, 45, 29, 142, 181, 108, 211, 28, 186], [80, 93, 206, 45, 29, 142, 181, 108, 211, 28, 186], [80, 93, 206, 45, 29, 142, 181, 108, 211, 28, 186], [80, 93, 206, 45, 29, 142, 181, 108, 211, 28, 186], [81, 93, 206, 40, 29, 142, 181, 124, 211, 28, 186], [81, 93, 206, 40, 29, 142, 181, 124, 211, 28, 186], [81, 93, 206, 40, 29, 142, 181, 124, 211, 28, 186], [81, 93, 206, 40, 29, 142, 181, 124, 211, 28, 186], [81, 93, 206, 40, 29, 142, 181, 124, 211, 28, 186], [81, 93, 206, 41, 29, 142, 181, 108, 211, 28, 186], [81, 93, 206, 41, 29, 142, 181, 108, 211, 28, 186]]
ÕŒ¬€≈ œŒ ŒÀ≈Õ»ﬂ œ–»—œŒ—Œ¡À≈ÕÕŒ—“‹ π14: [34, 34, 34, 34, 34, 34, 34, 34, 34, 34, 34, 34, 34, 34, 34, 34, 34, 34, 34]
ÀÛ˜¯ËÈ ÔÓÚÓÏÓÍ: 34, ÎÛ˜¯ËÈ ÔÓÚÓÏÓÍ ËÁ ÔÓÍÓÎÂÌËˇ π14: 34, ÍÓÎ-‚Ó ÔÓ‚ÚÓÂÌËÈ: 8
ÕŒ¬€≈ œŒ ŒÀ≈Õ»ﬂ ƒŒ —Œ–“»–Œ¬ »: [[13, 15, 13, 11, 13, 14, 13, 14, 12, 10, 13], [13, 15, 13, 11, 13, 14, 13, 14, 12, 10, 13], [13, 15, 13, 11, 13, 14, 13, 14, 12, 10, 13], [13, 15, 13, 11, 13, 14, 13, 14, 12, 10, 13], [13, 15, 13, 11, 13, 14, 13, 14, 12, 10, 13], [13, 15, 13, 11, 13, 14, 13, 14, 12, 10, 13], [13, 15, 13, 11, 13, 14, 13, 14, 12, 10, 13], [13, 15, 13, 11, 13, 14, 13, 14, 12, 10, 13], [13, 15, 13, 11, 13, 14, 13, 14, 12, 10, 13], [13, 15, 13, 11, 13, 14, 13, 14, 12, 10, 13], [13, 15, 13, 11, 13, 14, 13, 14, 12, 10, 13], [13, 15, 13, 11, 13, 14, 13, 14, 12, 10, 13], [13, 15, 13, 11, 13, 14, 13, 14, 12, 10, 13], [13, 15, 13, 11, 13, 14, 13, 14, 12, 10, 13], [13, 15, 13, 11, 13, 14, 13, 14, 12, 10, 13], [13, 15, 13, 11, 13, 14, 13, 14, 12, 10, 13], [13, 15, 13, 11, 13, 14, 13, 14, 12, 10, 13], [13, 15, 13, 11, 13, 14, 13, 14, 12, 10, 13], [13, 15, 13, 11, 13, 14, 13, 14, 12, 10, 13], [13, 15, 13, 11, 13, 14, 13, 14, 12, 10, 13], [13, 15, 13, 11, 13, 14, 13, 14, 12, 10, 13], [13, 15, 13, 11, 13, 14, 13, 14, 12, 10, 13], [13, 15, 13, 11, 13, 14, 13, 14, 12, 10, 13], [13, 15, 13, 11, 13, 14, 13, 14, 12, 10, 13], [13, 15, 13, 11, 13, 14, 13, 14, 12, 10, 13], [13, 15, 13, 11, 13, 14, 13, 14, 12, 10, 13], [13, 15, 13, 11, 13, 14, 13, 14, 12, 10, 13], [13, 15, 13, 11, 13, 14, 13, 14, 12, 10, 13], [13, 15, 13, 11, 13, 14, 13, 14, 12, 10, 13], [13, 15, 13, 11, 13, 14, 13, 14, 12, 10, 13], [13, 15, 13, 11, 13, 14, 13, 14, 12, 10, 13], [13, 15, 13, 11, 13, 14, 13, 14, 12, 10, 13], [13, 15, 13, 11, 13, 14, 13, 14, 12, 10, 13], [13, 15, 13, 11, 13, 14, 13, 14, 12, 10, 13], [13, 15, 13, 11, 13, 14, 13, 14, 12, 10, 13], [13, 15, 13, 11, 13, 14, 13, 14, 12, 10, 13], [13, 15, 13, 11, 13, 14, 13, 14, 12, 10, 13], [13, 15, 13, 11, 13, 14, 13, 14, 12, 10, 13], [13, 15, 13, 11, 13, 14, 13, 14, 12, 10, 13]], ÍÓÎ-‚Ó: 39
ÕŒ¬€≈ œŒ ŒÀ≈Õ»ﬂ π15: [[13, 15, 13, 11, 13, 14, 13, 14, 12, 10, 13], [13, 15, 13, 11, 13, 14, 13, 14, 12, 10, 13], [13, 15, 13, 11, 13, 14, 13, 14, 12, 10, 13], [13, 15, 13, 11, 13, 14, 13, 14, 12, 10, 13], [13, 15, 13, 11, 13, 14, 13, 14, 12, 10, 13], [13, 15, 13, 11, 13, 14, 13, 14, 12, 10, 13], [13, 15, 13, 11, 13, 14, 13, 14, 12, 10, 13], [13, 15, 13, 11, 13, 14, 13, 14, 12, 10, 13], [13, 15, 13, 11, 13, 14, 13, 14, 12, 10, 13], [13, 15, 13, 11, 13, 14, 13, 14, 12, 10, 13], [13, 15, 13, 11, 13, 14, 13, 14, 12, 10, 13], [13, 15, 13, 11, 13, 14, 13, 14, 12, 10, 13], [13, 15, 13, 11, 13, 14, 13, 14, 12, 10, 13], [13, 15, 13, 11, 13, 14, 13, 14, 12, 10, 13], [13, 15, 13, 11, 13, 14, 13, 14, 12, 10, 13], [13, 15, 13, 11, 13, 14, 13, 14, 12, 10, 13], [13, 15, 13, 11, 13, 14, 13, 14, 12, 10, 13], [13, 15, 13, 11, 13, 14, 13, 14, 12, 10, 13], [13, 15, 13, 11, 13, 14, 13, 14, 12, 10, 13]]
ÕŒ¬€≈ œŒ ŒÀ≈Õ»ﬂ ‘≈ÕŒ“»œ€ π15: [[81, 93, 202, 41, 29, 142, 181, 108, 211, 28, 186], [81, 93, 202, 41, 29, 142, 181, 108, 211, 28, 186], [81, 93, 206, 41, 29, 142, 181, 108, 211, 28, 184], [81, 93, 206, 41, 29, 142, 181, 108, 211, 28, 184], [81, 93, 206, 41, 29, 142, 181, 108, 211, 28, 184], [81, 93, 206, 41, 29, 142, 181, 108, 211, 28, 184], [80, 93, 206, 45, 29, 142, 181, 108, 211, 28, 186], [80, 93, 206, 45, 29, 142, 181, 108, 211, 28, 186], [80, 93, 206, 45, 29, 142, 181, 108, 211, 28, 186], [80, 93, 206, 45, 29, 142, 181, 108, 211, 28, 186], [80, 93, 206, 45, 29, 142, 181, 108, 211, 28, 186], [80, 93, 206, 45, 29, 142, 181, 108, 211, 28, 186], [81, 93, 206, 40, 29, 142, 181, 124, 211, 28, 186], [81, 93, 206, 40, 29, 142, 181, 124, 211, 28, 186], [81, 93, 206, 40, 29, 142, 181, 124, 211, 28, 186], [81, 93, 206, 40, 29, 142, 181, 124, 211, 28, 186], [81, 93, 206, 40, 29, 142, 181, 124, 211, 28, 186], [81, 93, 206, 41, 29, 142, 181, 108, 211, 28, 186], [81, 93, 206, 41, 29, 142, 181, 108, 211, 28, 186]]
ÕŒ¬€≈ œŒ ŒÀ≈Õ»ﬂ œ–»—œŒ—Œ¡À≈ÕÕŒ—“‹ π15: [34, 34, 34, 34, 34, 34, 34, 34, 34, 34, 34, 34, 34, 34, 34, 34, 34, 34, 34]
ÀÛ˜¯ËÈ ÔÓÚÓÏÓÍ: 34, ÎÛ˜¯ËÈ ÔÓÚÓÏÓÍ ËÁ ÔÓÍÓÎÂÌËˇ π15: 34, ÍÓÎ-‚Ó ÔÓ‚ÚÓÂÌËÈ: 9
ÕŒ¬€≈ œŒ ŒÀ≈Õ»ﬂ ƒŒ —Œ–“»–Œ¬ »: [[13, 15, 13, 11, 13, 14, 13, 14, 12, 10, 13], [13, 15, 13, 11, 13, 14, 13, 14, 12, 10, 13], [13, 15, 13, 11, 13, 14, 13, 14, 12, 10, 13], [13, 15, 13, 11, 13, 14, 13, 14, 12, 10, 13], [13, 15, 13, 11, 13, 14, 13, 14, 12, 10, 13], [13, 15, 13, 11, 13, 14, 13, 14, 12, 10, 13], [13, 15, 13, 11, 13, 14, 13, 14, 12, 10, 13], [13, 15, 13, 11, 13, 14, 13, 14, 12, 10, 13], [13, 15, 13, 11, 13, 14, 13, 14, 12, 10, 13], [13, 15, 13, 11, 13, 14, 13, 14, 12, 10, 13], [13, 15, 13, 11, 13, 14, 13, 14, 12, 10, 13], [13, 15, 13, 11, 13, 14, 13, 14, 12, 10, 13], [13, 15, 13, 11, 13, 14, 13, 14, 12, 10, 13], [13, 15, 13, 11, 13, 14, 13, 14, 12, 10, 13], [13, 15, 13, 11, 13, 14, 13, 14, 12, 10, 13], [13, 15, 13, 11, 13, 14, 13, 14, 12, 10, 13], [13, 15, 13, 11, 13, 14, 13, 14, 12, 10, 13], [13, 15, 13, 11, 13, 14, 13, 14, 12, 10, 13], [13, 15, 13, 11, 13, 14, 13, 14, 12, 10, 13], [13, 15, 13, 11, 13, 14, 13, 14, 12, 10, 13], [13, 15, 13, 11, 13, 14, 13, 14, 12, 10, 13], [13, 15, 13, 11, 13, 14, 13, 14, 12, 10, 13], [13, 15, 13, 11, 13, 14, 13, 14, 12, 10, 13], [13, 15, 13, 11, 13, 14, 13, 14, 12, 10, 13], [13, 15, 13, 11, 13, 14, 13, 14, 12, 10, 13], [13, 15, 13, 11, 13, 14, 13, 14, 12, 10, 13], [13, 15, 13, 11, 13, 14, 13, 14, 12, 10, 13], [13, 15, 13, 11, 13, 14, 13, 14, 12, 10, 13], [13, 15, 13, 11, 13, 14, 13, 14, 12, 10, 13], [13, 15, 13, 11, 13, 14, 13, 14, 12, 10, 13], [13, 15, 13, 11, 13, 14, 13, 14, 12, 10, 13], [13, 15, 13, 11, 13, 14, 13, 14, 12, 10, 13], [13, 15, 13, 11, 13, 14, 13, 14, 12, 10, 13], [13, 15, 13, 11, 13, 14, 13, 14, 12, 10, 13], [13, 15, 13, 11, 13, 14, 13, 14, 12, 10, 13], [13, 15, 13, 11, 13, 14, 13, 14, 12, 10, 13], [13, 15, 13, 11, 13, 14, 13, 14, 12, 10, 13], [13, 15, 13, 11, 13, 14, 13, 14, 12, 10, 13], [13, 15, 13, 11, 13, 14, 13, 14, 12, 10, 13]], ÍÓÎ-‚Ó: 39
ÕŒ¬€≈ œŒ ŒÀ≈Õ»ﬂ π16: [[13, 15, 13, 11, 13, 14, 13, 14, 12, 10, 13], [13, 15, 13, 11, 13, 14, 13, 14, 12, 10, 13], [13, 15, 13, 11, 13, 14, 13, 14, 12, 10, 13], [13, 15, 13, 11, 13, 14, 13, 14, 12, 10, 13], [13, 15, 13, 11, 13, 14, 13, 14, 12, 10, 13], [13, 15, 13, 11, 13, 14, 13, 14, 12, 10, 13], [13, 15, 13, 11, 13, 14, 13, 14, 12, 10, 13], [13, 15, 13, 11, 13, 14, 13, 14, 12, 10, 13], [13, 15, 13, 11, 13, 14, 13, 14, 12, 10, 13], [13, 15, 13, 11, 13, 14, 13, 14, 12, 10, 13], [13, 15, 13, 11, 13, 14, 13, 14, 12, 10, 13], [13, 15, 13, 11, 13, 14, 13, 14, 12, 10, 13], [13, 15, 13, 11, 13, 14, 13, 14, 12, 10, 13], [13, 15, 13, 11, 13, 14, 13, 14, 12, 10, 13], [13, 15, 13, 11, 13, 14, 13, 14, 12, 10, 13], [13, 15, 13, 11, 13, 14, 13, 14, 12, 10, 13], [13, 15, 13, 11, 13, 14, 13, 14, 12, 10, 13], [13, 15, 13, 11, 13, 14, 13, 14, 12, 10, 13], [13, 15, 13, 11, 13, 14, 13, 14, 12, 10, 13]]
ÕŒ¬€≈ œŒ ŒÀ≈Õ»ﬂ ‘≈ÕŒ“»œ€ π16: [[81, 93, 234, 41, 29, 142, 181, 108, 211, 28, 186], [81, 93, 234, 41, 29, 142, 181, 108, 211, 28, 186], [81, 93, 234, 41, 29, 142, 181, 108, 211, 28, 186], [81, 93, 234, 41, 29, 142, 181, 108, 211, 28, 186], [81, 93, 234, 41, 29, 142, 181, 108, 211, 28, 186], [81, 93, 202, 41, 29, 142, 181, 108, 211, 28, 186], [81, 93, 202, 41, 29, 142, 181, 108, 211, 28, 186], [81, 93, 206, 41, 29, 142, 181, 108, 211, 28, 184], [81, 93, 206, 41, 29, 142, 181, 108, 211, 28, 184], [81, 93, 206, 41, 29, 142, 181, 108, 211, 28, 184], [81, 93, 206, 41, 29, 142, 181, 108, 211, 28, 184], [80, 93, 206, 45, 29, 142, 181, 108, 211, 28, 186], [80, 93, 206, 45, 29, 142, 181, 108, 211, 28, 186], [80, 93, 206, 45, 29, 142, 181, 108, 211, 28, 186], [80, 93, 206, 45, 29, 142, 181, 108, 211, 28, 186], [80, 93, 206, 45, 29, 142, 181, 108, 211, 28, 186], [80, 93, 206, 45, 29, 142, 181, 108, 211, 28, 186], [81, 93, 206, 40, 29, 142, 181, 124, 211, 28, 186], [81, 93, 206, 40, 29, 142, 181, 124, 211, 28, 186]]
ÕŒ¬€≈ œŒ ŒÀ≈Õ»ﬂ œ–»—œŒ—Œ¡À≈ÕÕŒ—“‹ π16: [34, 34, 34, 34, 34, 34, 34, 34, 34, 34, 34, 34, 34, 34, 34, 34, 34, 34, 34]
ÀÛ˜¯ËÈ ÔÓÚÓÏÓÍ: 34, ÎÛ˜¯ËÈ ÔÓÚÓÏÓÍ ËÁ ÔÓÍÓÎÂÌËˇ π16: 34, ÍÓÎ-‚Ó ÔÓ‚ÚÓÂÌËÈ: 10
